Total number of nodes: 60
Total number of edges: 331
level-1 complete.
0.861949801799 0.0 0.794990618332
0.861949801799 0.0 0.730310065178
0.861949801799 0.0 0.700833060701
0.861949801799 0.0 0.731925181353
0.861949801799 0.0 0.779440815761
0.861949801799 0.0 0.682087660428
0.861949801799 0.477777777778 0.762168690509
0.861949801799 0.477777777778 0.745927239652
0.861949801799 0.0 0.639741118081
0.861949801799 0.0 0.808306510454
0.861949801799 0.592261904762 0.641165080926
0.861949801799 0.592261904762 0.704739601644
0.861949801799 0.345238095238 0.744332487473
0.861949801799 0.624338624339 0.854406031549
0.861949801799 0.716111111111 0.704043071938
0.861949801799 0.689033189033 0.698230181125
0.861949801799 0.707070707071 0.658805542583
0.861949801799 0.746464646465 0.738572507987
0.861949801799 0.626226551227 0.677313084953
0.861949801799 0.626226551227 0.780855448444
0.861949801799 0.663736263736 0.68414227541
0.861949801799 0.670134310134 0.674796160048
0.861949801799 0.806365509491 0.73522691275
0.861949801799 0.636841630592 0.783288864558
0.861949801799 0.755780983722 0.698276076472
0.861949801799 0.813553167965 0.673533538162
0.861949801799 0.760442054315 0.806424796737
0.861949801799 0.817274383683 0.71878091085
0.861949801799 0.816929106325 0.84223314561
0.861949801799 0.779406803003 0.692621673617
0.861949801799 0.779406803003 0.706865018152
0.779406803003 0.716111111111 0.727111493875
0.779406803003 0.707070707071 0.743313220382
0.779406803003 0.746464646465 0.658679246173
0.779406803003 0.806365509491 0.779406803003
0.779406803003 0.755780983722 0.711690981737
0.779406803003 0.813553167965 0.730214609138
0.779406803003 0.760442054315 0.693027224511
0.779406803003 0.817274383683 0.753492068022
0.779406803003 0.816929106325 0.713949162293
0.779406803003 0.779406803003 0.714284475666
0.779406803003 0.716111111111 0.779406803003
0.779406803003 0.707070707071 0.683244689551
0.779406803003 0.746464646465 0.74308841195
0.779406803003 0.806365509491 0.691829322789
0.779406803003 0.755780983722 0.741194016057
0.779406803003 0.813553167965 0.779406803003
0.779406803003 0.760442054315 0.708039936059
0.779406803003 0.817274383683 0.713651070248
0.779406803003 0.816929106325 0.727423417391
0.816929106325 0.707070707071 0.692242632096
0.816929106325 0.746464646465 0.782918960125
0.816929106325 0.806365509491 0.730096779971
0.816929106325 0.755780983722 0.747783640263
0.816929106325 0.813553167965 0.713466660525
0.816929106325 0.760442054315 0.773509121597
0.816929106325 0.817274383683 0.735248072361
0.817274383683 0.707070707071 0.741195040565
0.817274383683 0.746464646465 0.723081178858
0.817274383683 0.806365509491 0.813859188197
0.817274383683 0.755780983722 0.710439080061
0.817274383683 0.813553167965 0.731889506644
0.817274383683 0.760442054315 0.703243687067
0.760442054315 0.707070707071 0.662254237761
0.760442054315 0.746464646465 0.734467574909
0.760442054315 0.806365509491 0.707133240654
0.760442054315 0.755780983722 0.731855785332
0.760442054315 0.813553167965 0.692678474653
0.813553167965 0.707070707071 0.703391683014
0.813553167965 0.746464646465 0.739044530875
0.813553167965 0.806365509491 0.707974407369
0.813553167965 0.755780983722 0.766754218004
0.755780983722 0.707070707071 0.66400811123
0.755780983722 0.746464646465 0.728436119436
0.755780983722 0.806365509491 0.689915892189
0.806365509491 0.707070707071 0.789448514449
0.806365509491 0.746464646465 0.701665001665
0.746464646465 0.707070707071 0.565910808768
0.861949801799 0.707070707071 0.658805542583
0.861949801799 0.746464646465 0.738572507987
0.861949801799 0.806365509491 0.73522691275
0.861949801799 0.755780983722 0.698276076472
0.861949801799 0.813553167965 0.673533538162
0.861949801799 0.760442054315 0.806424796737
0.861949801799 0.817274383683 0.71878091085
0.861949801799 0.816929106325 0.84223314561
0.861949801799 0.779406803003 0.692621673617
0.861949801799 0.779406803003 0.706865018152
0.779406803003 0.707070707071 0.743313220382
0.779406803003 0.746464646465 0.658679246173
0.779406803003 0.806365509491 0.779406803003
0.779406803003 0.755780983722 0.711690981737
0.779406803003 0.813553167965 0.730214609138
0.779406803003 0.760442054315 0.693027224511
0.779406803003 0.817274383683 0.753492068022
0.779406803003 0.816929106325 0.713949162293
0.779406803003 0.779406803003 0.714284475666
0.779406803003 0.707070707071 0.683244689551
0.779406803003 0.746464646465 0.74308841195
0.779406803003 0.806365509491 0.691829322789
0.779406803003 0.755780983722 0.741194016057
0.779406803003 0.813553167965 0.779406803003
0.779406803003 0.760442054315 0.708039936059
0.779406803003 0.817274383683 0.713651070248
0.779406803003 0.816929106325 0.727423417391
0.816929106325 0.707070707071 0.692242632096
0.816929106325 0.746464646465 0.782918960125
0.816929106325 0.806365509491 0.730096779971
0.816929106325 0.755780983722 0.747783640263
0.816929106325 0.813553167965 0.713466660525
0.816929106325 0.760442054315 0.773509121597
0.816929106325 0.817274383683 0.735248072361
0.817274383683 0.707070707071 0.741195040565
0.817274383683 0.746464646465 0.723081178858
0.817274383683 0.806365509491 0.813859188197
0.817274383683 0.755780983722 0.710439080061
0.817274383683 0.813553167965 0.731889506644
0.817274383683 0.760442054315 0.703243687067
0.760442054315 0.707070707071 0.662254237761
0.760442054315 0.746464646465 0.734467574909
0.760442054315 0.806365509491 0.707133240654
0.760442054315 0.755780983722 0.731855785332
0.760442054315 0.813553167965 0.692678474653
0.813553167965 0.707070707071 0.703391683014
0.813553167965 0.746464646465 0.739044530875
0.813553167965 0.806365509491 0.707974407369
0.813553167965 0.755780983722 0.766754218004
0.755780983722 0.707070707071 0.66400811123
0.755780983722 0.746464646465 0.728436119436
0.755780983722 0.806365509491 0.689915892189
0.806365509491 0.707070707071 0.789448514449
0.806365509491 0.746464646465 0.701665001665
0.746464646465 0.707070707071 0.565910808768
level-2 complete.
Cluster-1 Total nodes: 21 [0, 1, 3, 5, 6, 8, 9, 10, 11, 12, 14, 15, 16, 17, 18, 19, 21, 54, 59, 35, 13]
Cluster-2 Total nodes: 21 [32, 33, 34, 35, 36, 37, 38, 39, 29, 52, 21, 22, 23, 24, 20, 25, 27, 28, 26, 31, 30]
Cluster-3 Total nodes: 21 [47, 40, 41, 42, 43, 44, 45, 46, 15, 48, 49, 50, 51, 52, 53, 54, 55, 56, 57, 58, 59]
Cluster-4 Total nodes: 19 [0, 1, 2, 3, 4, 5, 6, 7, 8, 9, 11, 12, 14, 15, 16, 17, 18, 19, 10]
Cluster-5 Total nodes: 19 [32, 33, 34, 35, 36, 37, 38, 39, 25, 21, 22, 23, 24, 57, 26, 27, 28, 29, 31]
Cluster-6 Total nodes: 18 [1, 2, 3, 4, 5, 6, 7, 8, 9, 43, 12, 14, 15, 16, 17, 18, 19, 11]
Cluster-7 Total nodes: 18 [41, 42, 43, 44, 45, 46, 47, 48, 49, 52, 53, 54, 55, 56, 57, 58, 59, 51]
Cluster-8 Total nodes: 17 [1, 40, 41, 42, 43, 45, 46, 48, 49, 53, 54, 55, 56, 57, 58, 59, 52]
Cluster-9 Total nodes: 16 [33, 34, 35, 36, 37, 38, 39, 20, 21, 22, 23, 25, 26, 28, 29, 32]
Cluster-10 Total nodes: 11 [0, 1, 2, 5, 39, 15, 17, 19, 57, 42, 18]
Cluster-11 Total nodes: 11 [36, 37, 38, 39, 20, 21, 25, 26, 27, 58, 35]
0.861949801799 0.707070707071 0.658805542583
0.861949801799 0.746464646465 0.738572507987
0.861949801799 0.806365509491 0.73522691275
0.861949801799 0.755780983722 0.698276076472
0.861949801799 0.813553167965 0.673533538162
0.861949801799 0.760442054315 0.806424796737
0.861949801799 0.817274383683 0.71878091085
0.861949801799 0.816929106325 0.84223314561
0.861949801799 0.779406803003 0.692621673617
0.861949801799 0.779406803003 0.706865018152
0.779406803003 0.707070707071 0.743313220382
0.779406803003 0.746464646465 0.658679246173
0.779406803003 0.806365509491 0.779406803003
0.779406803003 0.755780983722 0.711690981737
0.779406803003 0.813553167965 0.730214609138
0.779406803003 0.760442054315 0.693027224511
0.779406803003 0.817274383683 0.753492068022
0.779406803003 0.779406803003 0.714284475666
0.779406803003 0.746464646465 0.74308841195
0.779406803003 0.755780983722 0.741194016057
0.779406803003 0.813553167965 0.779406803003
0.779406803003 0.760442054315 0.708039936059
0.760442054315 0.746464646465 0.734467574909
0.84223314561 0.746464646465 0.737869874205
0.84223314561 0.760442054315 0.806424796737
0.84223314561 0.741194016057 0.695253017986
0.84223314561 0.734587252833 0.689884697155
0.734587252833 0.746464646465 0.648798358558
0.734587252833 0.741194016057 0.696049140836
0.741194016057 0.746464646465 0.74308841195
0.806424796737 0.746464646465 0.709625393833
0.806424796737 0.741194016057 0.695253017986
0.806424796737 0.734587252833 0.671665167403
0.734587252833 0.746464646465 0.648798358558
0.734587252833 0.741194016057 0.696049140836
0.741194016057 0.746464646465 0.74308841195
level-3 complete.
Cluster-1 Total nodes: 25 [0, 1, 2, 3, 4, 5, 6, 7, 8, 9, 10, 11, 12, 13, 14, 15, 16, 17, 18, 19, 21, 35, 43, 54, 59]
Cluster-1 Total nodes: 23 [20, 21, 22, 23, 24, 25, 26, 27, 28, 29, 30, 31, 32, 33, 34, 35, 36, 37, 38, 39, 52, 57, 58]
Cluster-1 Total nodes: 22 [1, 15, 40, 41, 42, 43, 44, 45, 46, 47, 48, 49, 50, 51, 52, 53, 54, 55, 56, 57, 58, 59]
Cluster-1 Total nodes: 11 [0, 1, 2, 5, 39, 15, 17, 19, 57, 42, 18]
