Total number of nodes: 60
Total number of edges: 331
level-1 complete.
[0, 1, 3, 5, 6, 8, 9, 10, 11, 12, 14, 15, 16, 17, 18, 19, 21, 54, 59, 35, 13]
[42, 46, 59]
[0, 1, 3, 5, 6, 8, 9, 10, 11, 12, 14, 15, 16, 17, 18, 19, 21, 54, 59, 35, 13, 42, 46, 59]
0.861949801799 0.0 0.794990618332
[0, 1, 3, 5, 6, 8, 9, 10, 11, 12, 14, 15, 16, 17, 18, 19, 21, 54, 59, 35, 13]
[22, 26, 39]
[0, 1, 3, 5, 6, 8, 9, 10, 11, 12, 14, 15, 16, 17, 18, 19, 21, 54, 59, 35, 13, 22, 26, 39]
0.861949801799 0.0 0.730310065178
[0, 1, 3, 5, 6, 8, 9, 10, 11, 12, 14, 15, 16, 17, 18, 19, 21, 54, 59, 35, 13]
[44, 46, 28]
[0, 1, 3, 5, 6, 8, 9, 10, 11, 12, 14, 15, 16, 17, 18, 19, 21, 54, 59, 35, 13, 44, 46, 28]
0.861949801799 0.0 0.700833060701
[0, 1, 3, 5, 6, 8, 9, 10, 11, 12, 14, 15, 16, 17, 18, 19, 21, 54, 59, 35, 13]
[41, 47, 3]
[0, 1, 3, 5, 6, 8, 9, 10, 11, 12, 14, 15, 16, 17, 18, 19, 21, 54, 59, 35, 13, 41, 47, 3]
0.861949801799 0.0 0.731925181353
[0, 1, 3, 5, 6, 8, 9, 10, 11, 12, 14, 15, 16, 17, 18, 19, 21, 54, 59, 35, 13]
[2, 6, 27, 19]
[0, 1, 3, 5, 6, 8, 9, 10, 11, 12, 14, 15, 16, 17, 18, 19, 21, 54, 59, 35, 13, 2, 6, 27, 19]
0.861949801799 0.0 0.779440815761
[0, 1, 3, 5, 6, 8, 9, 10, 11, 12, 14, 15, 16, 17, 18, 19, 21, 54, 59, 35, 13]
[41, 44, 46, 47, 56]
[0, 1, 3, 5, 6, 8, 9, 10, 11, 12, 14, 15, 16, 17, 18, 19, 21, 54, 59, 35, 13, 41, 44, 46, 47, 56]
0.861949801799 0.0 0.682087660428
[0, 1, 3, 5, 6, 8, 9, 10, 11, 12, 14, 15, 16, 17, 18, 19, 21, 54, 59, 35, 13]
[41, 42, 45, 46, 59, 57]
[0, 1, 3, 5, 6, 8, 9, 10, 11, 12, 14, 15, 16, 17, 18, 19, 21, 54, 59, 35, 13, 41, 42, 45, 46, 59, 57]
0.861949801799 0.477777777778 0.762168690509
[0, 1, 3, 5, 6, 8, 9, 10, 11, 12, 14, 15, 16, 17, 18, 19, 21, 54, 59, 35, 13]
[39, 21, 22, 25, 26, 37]
[0, 1, 3, 5, 6, 8, 9, 10, 11, 12, 14, 15, 16, 17, 18, 19, 21, 54, 59, 35, 13, 39, 21, 22, 25, 26, 37]
0.861949801799 0.477777777778 0.745927239652
[0, 1, 3, 5, 6, 8, 9, 10, 11, 12, 14, 15, 16, 17, 18, 19, 21, 54, 59, 35, 13]
[44, 21, 24, 26, 27, 36]
[0, 1, 3, 5, 6, 8, 9, 10, 11, 12, 14, 15, 16, 17, 18, 19, 21, 54, 59, 35, 13, 44, 21, 24, 26, 27, 36]
0.861949801799 0.0 0.639741118081
[0, 1, 3, 5, 6, 8, 9, 10, 11, 12, 14, 15, 16, 17, 18, 19, 21, 54, 59, 35, 13]
[1, 4, 6, 7, 28, 16]
[0, 1, 3, 5, 6, 8, 9, 10, 11, 12, 14, 15, 16, 17, 18, 19, 21, 54, 59, 35, 13, 1, 4, 6, 7, 28, 16]
0.861949801799 0.0 0.808306510454
[0, 1, 3, 5, 6, 8, 9, 10, 11, 12, 14, 15, 16, 17, 18, 19, 21, 54, 59, 35, 13]
[40, 41, 42, 45, 57, 59, 20, 58]
[0, 1, 3, 5, 6, 8, 9, 10, 11, 12, 14, 15, 16, 17, 18, 19, 21, 54, 59, 35, 13, 40, 41, 42, 45, 57, 59, 20, 58]
0.861949801799 0.592261904762 0.641165080926
[0, 1, 3, 5, 6, 8, 9, 10, 11, 12, 14, 15, 16, 17, 18, 19, 21, 54, 59, 35, 13]
[37, 39, 40, 20, 21, 22, 25, 38]
[0, 1, 3, 5, 6, 8, 9, 10, 11, 12, 14, 15, 16, 17, 18, 19, 21, 54, 59, 35, 13, 37, 39, 40, 20, 21, 22, 25, 38]
0.861949801799 0.592261904762 0.704739601644
[0, 1, 3, 5, 6, 8, 9, 10, 11, 12, 14, 15, 16, 17, 18, 19, 21, 54, 59, 35, 13]
[1, 2, 5, 6, 19, 22, 26, 17]
[0, 1, 3, 5, 6, 8, 9, 10, 11, 12, 14, 15, 16, 17, 18, 19, 21, 54, 59, 35, 13, 1, 2, 5, 6, 19, 22, 26, 17]
0.861949801799 0.345238095238 0.744332487473
[0, 1, 3, 5, 6, 8, 9, 10, 11, 12, 14, 15, 16, 17, 18, 19, 21, 54, 59, 35, 13]
[0, 1, 5, 6, 7, 16, 17, 19, 15]
[0, 1, 3, 5, 6, 8, 9, 10, 11, 12, 14, 15, 16, 17, 18, 19, 21, 54, 59, 35, 13, 0, 1, 5, 6, 7, 16, 17, 19, 15]
0.861949801799 0.624338624339 0.854406031549
[0, 1, 3, 5, 6, 8, 9, 10, 11, 12, 14, 15, 16, 17, 18, 19, 21, 54, 59, 35, 13]
[40, 41, 45, 46, 47, 56, 57, 58, 59, 55]
[0, 1, 3, 5, 6, 8, 9, 10, 11, 12, 14, 15, 16, 17, 18, 19, 21, 54, 59, 35, 13, 40, 41, 45, 46, 47, 56, 57, 58, 59, 55]
0.861949801799 0.716111111111 0.704043071938
[0, 1, 3, 5, 6, 8, 9, 10, 11, 12, 14, 15, 16, 17, 18, 19, 21, 54, 59, 35, 13]
[41, 42, 44, 45, 46, 48, 55, 56, 57, 59, 54]
[0, 1, 3, 5, 6, 8, 9, 10, 11, 12, 14, 15, 16, 17, 18, 19, 21, 54, 59, 35, 13, 41, 42, 44, 45, 46, 48, 55, 56, 57, 59, 54]
0.861949801799 0.689033189033 0.698230181125
[0, 1, 3, 5, 6, 8, 9, 10, 11, 12, 14, 15, 16, 17, 18, 19, 21, 54, 59, 35, 13]
[36, 37, 38, 39, 20, 21, 25, 26, 27, 58, 35]
[0, 1, 3, 5, 6, 8, 9, 10, 11, 12, 14, 15, 16, 17, 18, 19, 21, 54, 59, 35, 13, 36, 37, 38, 39, 20, 21, 25, 26, 27, 58, 35]
0.861949801799 0.707070707071 0.641165080926
[0, 1, 3, 5, 6, 8, 9, 10, 11, 12, 14, 15, 16, 17, 18, 19, 21, 54, 59, 35, 13]
[0, 1, 2, 5, 39, 15, 17, 19, 57, 42, 18]
[0, 1, 3, 5, 6, 8, 9, 10, 11, 12, 14, 15, 16, 17, 18, 19, 21, 54, 59, 35, 13, 0, 1, 2, 5, 39, 15, 17, 19, 57, 42, 18]
0.861949801799 0.746464646465 0.738572507987
[0, 1, 3, 5, 6, 8, 9, 10, 11, 12, 14, 15, 16, 17, 18, 19, 21, 54, 59, 35, 13]
[35, 36, 37, 39, 21, 22, 25, 24, 57, 26, 28, 34]
[0, 1, 3, 5, 6, 8, 9, 10, 11, 12, 14, 15, 16, 17, 18, 19, 21, 54, 59, 35, 13, 35, 36, 37, 39, 21, 22, 25, 24, 57, 26, 28, 34]
0.861949801799 0.626226551227 0.677313084953
[0, 1, 3, 5, 6, 8, 9, 10, 11, 12, 14, 15, 16, 17, 18, 19, 21, 54, 59, 35, 13]
[1, 2, 4, 5, 6, 8, 15, 16, 17, 19, 20, 14]
[0, 1, 3, 5, 6, 8, 9, 10, 11, 12, 14, 15, 16, 17, 18, 19, 21, 54, 59, 35, 13, 1, 2, 4, 5, 6, 8, 15, 16, 17, 19, 20, 14]
0.861949801799 0.626226551227 0.780855448444
[0, 1, 3, 5, 6, 8, 9, 10, 11, 12, 14, 15, 16, 17, 18, 19, 21, 54, 59, 35, 13]
[40, 41, 43, 45, 46, 48, 49, 54, 55, 56, 57, 58, 59, 53]
[0, 1, 3, 5, 6, 8, 9, 10, 11, 12, 14, 15, 16, 17, 18, 19, 21, 54, 59, 35, 13, 40, 41, 43, 45, 46, 48, 49, 54, 55, 56, 57, 58, 59, 53]
0.861949801799 0.663736263736 0.68414227541
[0, 1, 3, 5, 6, 8, 9, 10, 11, 12, 14, 15, 16, 17, 18, 19, 21, 54, 59, 35, 13]
[34, 35, 36, 37, 38, 39, 18, 20, 21, 23, 25, 26, 28, 29, 33]
[0, 1, 3, 5, 6, 8, 9, 10, 11, 12, 14, 15, 16, 17, 18, 19, 21, 54, 59, 35, 13, 34, 35, 36, 37, 38, 39, 18, 20, 21, 23, 25, 26, 28, 29, 33]
0.861949801799 0.670134310134 0.674796160048
[0, 1, 3, 5, 6, 8, 9, 10, 11, 12, 14, 15, 16, 17, 18, 19, 21, 54, 59, 35, 13]
[33, 34, 35, 36, 37, 38, 39, 20, 21, 22, 23, 25, 26, 28, 29, 32]
[0, 1, 3, 5, 6, 8, 9, 10, 11, 12, 14, 15, 16, 17, 18, 19, 21, 54, 59, 35, 13, 33, 34, 35, 36, 37, 38, 39, 20, 21, 22, 23, 25, 26, 28, 29, 32]
0.861949801799 0.806365509491 0.73522691275
[0, 1, 3, 5, 6, 8, 9, 10, 11, 12, 14, 15, 16, 17, 18, 19, 21, 54, 59, 35, 13]
[0, 1, 2, 3, 5, 6, 8, 9, 14, 15, 16, 17, 18, 19, 20, 12]
[0, 1, 3, 5, 6, 8, 9, 10, 11, 12, 14, 15, 16, 17, 18, 19, 21, 54, 59, 35, 13, 0, 1, 2, 3, 5, 6, 8, 9, 14, 15, 16, 17, 18, 19, 20, 12]
0.861949801799 0.636841630592 0.783288864558
[0, 1, 3, 5, 6, 8, 9, 10, 11, 12, 14, 15, 16, 17, 18, 19, 21, 54, 59, 35, 13]
[1, 40, 41, 42, 43, 45, 46, 48, 49, 53, 54, 55, 56, 57, 58, 59, 52]
[0, 1, 3, 5, 6, 8, 9, 10, 11, 12, 14, 15, 16, 17, 18, 19, 21, 54, 59, 35, 13, 1, 40, 41, 42, 43, 45, 46, 48, 49, 53, 54, 55, 56, 57, 58, 59, 52]
0.861949801799 0.755780983722 0.698276076472
[0, 1, 3, 5, 6, 8, 9, 10, 11, 12, 14, 15, 16, 17, 18, 19, 21, 54, 59, 35, 13]
[41, 42, 43, 44, 45, 46, 47, 48, 49, 52, 53, 54, 55, 56, 57, 58, 59, 51]
[0, 1, 3, 5, 6, 8, 9, 10, 11, 12, 14, 15, 16, 17, 18, 19, 21, 54, 59, 35, 13, 41, 42, 43, 44, 45, 46, 47, 48, 49, 52, 53, 54, 55, 56, 57, 58, 59, 51]
0.861949801799 0.813553167965 0.673533538162
[0, 1, 3, 5, 6, 8, 9, 10, 11, 12, 14, 15, 16, 17, 18, 19, 21, 54, 59, 35, 13]
[1, 2, 3, 4, 5, 6, 7, 8, 9, 43, 12, 14, 15, 16, 17, 18, 19, 11]
[0, 1, 3, 5, 6, 8, 9, 10, 11, 12, 14, 15, 16, 17, 18, 19, 21, 54, 59, 35, 13, 1, 2, 3, 4, 5, 6, 7, 8, 9, 43, 12, 14, 15, 16, 17, 18, 19, 11]
0.861949801799 0.760442054315 0.806424796737
[0, 1, 3, 5, 6, 8, 9, 10, 11, 12, 14, 15, 16, 17, 18, 19, 21, 54, 59, 35, 13]
[32, 33, 34, 35, 36, 37, 38, 39, 25, 21, 22, 23, 24, 57, 26, 27, 28, 29, 31]
[0, 1, 3, 5, 6, 8, 9, 10, 11, 12, 14, 15, 16, 17, 18, 19, 21, 54, 59, 35, 13, 32, 33, 34, 35, 36, 37, 38, 39, 25, 21, 22, 23, 24, 57, 26, 27, 28, 29, 31]
0.861949801799 0.817274383683 0.71878091085
[0, 1, 3, 5, 6, 8, 9, 10, 11, 12, 14, 15, 16, 17, 18, 19, 21, 54, 59, 35, 13]
[0, 1, 2, 3, 4, 5, 6, 7, 8, 9, 11, 12, 14, 15, 16, 17, 18, 19, 10]
[0, 1, 3, 5, 6, 8, 9, 10, 11, 12, 14, 15, 16, 17, 18, 19, 21, 54, 59, 35, 13, 0, 1, 2, 3, 4, 5, 6, 7, 8, 9, 11, 12, 14, 15, 16, 17, 18, 19, 10]
0.861949801799 0.816929106325 0.84223314561
[0, 1, 3, 5, 6, 8, 9, 10, 11, 12, 14, 15, 16, 17, 18, 19, 21, 54, 59, 35, 13]
[59, 40, 41, 42, 43, 44, 45, 46, 15, 48, 49, 51, 52, 53, 54, 55, 56, 57, 58, 47, 50]
[0, 1, 3, 5, 6, 8, 9, 10, 11, 12, 14, 15, 16, 17, 18, 19, 21, 54, 59, 35, 13, 59, 40, 41, 42, 43, 44, 45, 46, 15, 48, 49, 51, 52, 53, 54, 55, 56, 57, 58, 47, 50]
0.861949801799 0.779406803003 0.692621673617
[0, 1, 3, 5, 6, 8, 9, 10, 11, 12, 14, 15, 16, 17, 18, 19, 21, 54, 59, 35, 13]
[32, 33, 34, 35, 36, 37, 38, 39, 29, 52, 21, 22, 23, 24, 20, 25, 27, 28, 26, 31, 30]
[0, 1, 3, 5, 6, 8, 9, 10, 11, 12, 14, 15, 16, 17, 18, 19, 21, 54, 59, 35, 13, 32, 33, 34, 35, 36, 37, 38, 39, 29, 52, 21, 22, 23, 24, 20, 25, 27, 28, 26, 31, 30]
0.861949801799 0.779406803003 0.706865018152
[32, 33, 34, 35, 36, 37, 38, 39, 29, 52, 21, 22, 23, 24, 20, 25, 27, 28, 26, 31, 30]
[40, 41, 45, 46, 47, 56, 57, 58, 59, 55]
[32, 33, 34, 35, 36, 37, 38, 39, 29, 52, 21, 22, 23, 24, 20, 25, 27, 28, 26, 31, 30, 40, 41, 45, 46, 47, 56, 57, 58, 59, 55]
0.779406803003 0.716111111111 0.727111493875
[32, 33, 34, 35, 36, 37, 38, 39, 29, 52, 21, 22, 23, 24, 20, 25, 27, 28, 26, 31, 30]
[36, 37, 38, 39, 20, 21, 25, 26, 27, 58, 35]
[32, 33, 34, 35, 36, 37, 38, 39, 29, 52, 21, 22, 23, 24, 20, 25, 27, 28, 26, 31, 30, 36, 37, 38, 39, 20, 21, 25, 26, 27, 58, 35]
0.779406803003 0.707070707071 0.743313220382
[32, 33, 34, 35, 36, 37, 38, 39, 29, 52, 21, 22, 23, 24, 20, 25, 27, 28, 26, 31, 30]
[0, 1, 2, 5, 39, 15, 17, 19, 57, 42, 18]
[32, 33, 34, 35, 36, 37, 38, 39, 29, 52, 21, 22, 23, 24, 20, 25, 27, 28, 26, 31, 30, 0, 1, 2, 5, 39, 15, 17, 19, 57, 42, 18]
0.779406803003 0.746464646465 0.658679246173
[32, 33, 34, 35, 36, 37, 38, 39, 29, 52, 21, 22, 23, 24, 20, 25, 27, 28, 26, 31, 30]
[33, 34, 35, 36, 37, 38, 39, 20, 21, 22, 23, 25, 26, 28, 29, 32]
[32, 33, 34, 35, 36, 37, 38, 39, 29, 52, 21, 22, 23, 24, 20, 25, 27, 28, 26, 31, 30, 33, 34, 35, 36, 37, 38, 39, 20, 21, 22, 23, 25, 26, 28, 29, 32]
0.779406803003 0.806365509491 0.779406803003
[32, 33, 34, 35, 36, 37, 38, 39, 29, 52, 21, 22, 23, 24, 20, 25, 27, 28, 26, 31, 30]
[1, 40, 41, 42, 43, 45, 46, 48, 49, 53, 54, 55, 56, 57, 58, 59, 52]
[32, 33, 34, 35, 36, 37, 38, 39, 29, 52, 21, 22, 23, 24, 20, 25, 27, 28, 26, 31, 30, 1, 40, 41, 42, 43, 45, 46, 48, 49, 53, 54, 55, 56, 57, 58, 59, 52]
0.779406803003 0.755780983722 0.711690981737
[32, 33, 34, 35, 36, 37, 38, 39, 29, 52, 21, 22, 23, 24, 20, 25, 27, 28, 26, 31, 30]
[41, 42, 43, 44, 45, 46, 47, 48, 49, 52, 53, 54, 55, 56, 57, 58, 59, 51]
[32, 33, 34, 35, 36, 37, 38, 39, 29, 52, 21, 22, 23, 24, 20, 25, 27, 28, 26, 31, 30, 41, 42, 43, 44, 45, 46, 47, 48, 49, 52, 53, 54, 55, 56, 57, 58, 59, 51]
0.779406803003 0.813553167965 0.730214609138
[32, 33, 34, 35, 36, 37, 38, 39, 29, 52, 21, 22, 23, 24, 20, 25, 27, 28, 26, 31, 30]
[1, 2, 3, 4, 5, 6, 7, 8, 9, 43, 12, 14, 15, 16, 17, 18, 19, 11]
[32, 33, 34, 35, 36, 37, 38, 39, 29, 52, 21, 22, 23, 24, 20, 25, 27, 28, 26, 31, 30, 1, 2, 3, 4, 5, 6, 7, 8, 9, 43, 12, 14, 15, 16, 17, 18, 19, 11]
0.779406803003 0.760442054315 0.693027224511
[32, 33, 34, 35, 36, 37, 38, 39, 29, 52, 21, 22, 23, 24, 20, 25, 27, 28, 26, 31, 30]
[32, 33, 34, 35, 36, 37, 38, 39, 25, 21, 22, 23, 24, 57, 26, 27, 28, 29, 31]
[32, 33, 34, 35, 36, 37, 38, 39, 29, 52, 21, 22, 23, 24, 20, 25, 27, 28, 26, 31, 30, 32, 33, 34, 35, 36, 37, 38, 39, 25, 21, 22, 23, 24, 57, 26, 27, 28, 29, 31]
0.779406803003 0.817274383683 0.753492068022
[32, 33, 34, 35, 36, 37, 38, 39, 29, 52, 21, 22, 23, 24, 20, 25, 27, 28, 26, 31, 30]
[0, 1, 2, 3, 4, 5, 6, 7, 8, 9, 11, 12, 14, 15, 16, 17, 18, 19, 10]
[32, 33, 34, 35, 36, 37, 38, 39, 29, 52, 21, 22, 23, 24, 20, 25, 27, 28, 26, 31, 30, 0, 1, 2, 3, 4, 5, 6, 7, 8, 9, 11, 12, 14, 15, 16, 17, 18, 19, 10]
0.779406803003 0.816929106325 0.713949162293
[32, 33, 34, 35, 36, 37, 38, 39, 29, 52, 21, 22, 23, 24, 20, 25, 27, 28, 26, 31, 30]
[59, 40, 41, 42, 43, 44, 45, 46, 15, 48, 49, 51, 52, 53, 54, 55, 56, 57, 58, 47, 50]
[32, 33, 34, 35, 36, 37, 38, 39, 29, 52, 21, 22, 23, 24, 20, 25, 27, 28, 26, 31, 30, 59, 40, 41, 42, 43, 44, 45, 46, 15, 48, 49, 51, 52, 53, 54, 55, 56, 57, 58, 47, 50]
0.779406803003 0.779406803003 0.714284475666
[59, 40, 41, 42, 43, 44, 45, 46, 15, 48, 49, 51, 52, 53, 54, 55, 56, 57, 58, 47, 50]
[40, 41, 45, 46, 47, 56, 57, 58, 59, 55]
[59, 40, 41, 42, 43, 44, 45, 46, 15, 48, 49, 51, 52, 53, 54, 55, 56, 57, 58, 47, 50, 40, 41, 45, 46, 47, 56, 57, 58, 59, 55]
0.779406803003 0.716111111111 0.779406803003
[59, 40, 41, 42, 43, 44, 45, 46, 15, 48, 49, 51, 52, 53, 54, 55, 56, 57, 58, 47, 50]
[36, 37, 38, 39, 20, 21, 25, 26, 27, 58, 35]
[59, 40, 41, 42, 43, 44, 45, 46, 15, 48, 49, 51, 52, 53, 54, 55, 56, 57, 58, 47, 50, 36, 37, 38, 39, 20, 21, 25, 26, 27, 58, 35]
0.779406803003 0.707070707071 0.683244689551
[59, 40, 41, 42, 43, 44, 45, 46, 15, 48, 49, 51, 52, 53, 54, 55, 56, 57, 58, 47, 50]
[0, 1, 2, 5, 39, 15, 17, 19, 57, 42, 18]
[59, 40, 41, 42, 43, 44, 45, 46, 15, 48, 49, 51, 52, 53, 54, 55, 56, 57, 58, 47, 50, 0, 1, 2, 5, 39, 15, 17, 19, 57, 42, 18]
0.779406803003 0.746464646465 0.74308841195
[59, 40, 41, 42, 43, 44, 45, 46, 15, 48, 49, 51, 52, 53, 54, 55, 56, 57, 58, 47, 50]
[33, 34, 35, 36, 37, 38, 39, 20, 21, 22, 23, 25, 26, 28, 29, 32]
[59, 40, 41, 42, 43, 44, 45, 46, 15, 48, 49, 51, 52, 53, 54, 55, 56, 57, 58, 47, 50, 33, 34, 35, 36, 37, 38, 39, 20, 21, 22, 23, 25, 26, 28, 29, 32]
0.779406803003 0.806365509491 0.691829322789
[59, 40, 41, 42, 43, 44, 45, 46, 15, 48, 49, 51, 52, 53, 54, 55, 56, 57, 58, 47, 50]
[1, 40, 41, 42, 43, 45, 46, 48, 49, 53, 54, 55, 56, 57, 58, 59, 52]
[59, 40, 41, 42, 43, 44, 45, 46, 15, 48, 49, 51, 52, 53, 54, 55, 56, 57, 58, 47, 50, 1, 40, 41, 42, 43, 45, 46, 48, 49, 53, 54, 55, 56, 57, 58, 59, 52]
0.779406803003 0.755780983722 0.741194016057
[59, 40, 41, 42, 43, 44, 45, 46, 15, 48, 49, 51, 52, 53, 54, 55, 56, 57, 58, 47, 50]
[41, 42, 43, 44, 45, 46, 47, 48, 49, 52, 53, 54, 55, 56, 57, 58, 59, 51]
[59, 40, 41, 42, 43, 44, 45, 46, 15, 48, 49, 51, 52, 53, 54, 55, 56, 57, 58, 47, 50, 41, 42, 43, 44, 45, 46, 47, 48, 49, 52, 53, 54, 55, 56, 57, 58, 59, 51]
0.779406803003 0.813553167965 0.779406803003
[59, 40, 41, 42, 43, 44, 45, 46, 15, 48, 49, 51, 52, 53, 54, 55, 56, 57, 58, 47, 50]
[1, 2, 3, 4, 5, 6, 7, 8, 9, 43, 12, 14, 15, 16, 17, 18, 19, 11]
[59, 40, 41, 42, 43, 44, 45, 46, 15, 48, 49, 51, 52, 53, 54, 55, 56, 57, 58, 47, 50, 1, 2, 3, 4, 5, 6, 7, 8, 9, 43, 12, 14, 15, 16, 17, 18, 19, 11]
0.779406803003 0.760442054315 0.708039936059
[59, 40, 41, 42, 43, 44, 45, 46, 15, 48, 49, 51, 52, 53, 54, 55, 56, 57, 58, 47, 50]
[32, 33, 34, 35, 36, 37, 38, 39, 25, 21, 22, 23, 24, 57, 26, 27, 28, 29, 31]
[59, 40, 41, 42, 43, 44, 45, 46, 15, 48, 49, 51, 52, 53, 54, 55, 56, 57, 58, 47, 50, 32, 33, 34, 35, 36, 37, 38, 39, 25, 21, 22, 23, 24, 57, 26, 27, 28, 29, 31]
0.779406803003 0.817274383683 0.713651070248
[59, 40, 41, 42, 43, 44, 45, 46, 15, 48, 49, 51, 52, 53, 54, 55, 56, 57, 58, 47, 50]
[0, 1, 2, 3, 4, 5, 6, 7, 8, 9, 11, 12, 14, 15, 16, 17, 18, 19, 10]
[59, 40, 41, 42, 43, 44, 45, 46, 15, 48, 49, 51, 52, 53, 54, 55, 56, 57, 58, 47, 50, 0, 1, 2, 3, 4, 5, 6, 7, 8, 9, 11, 12, 14, 15, 16, 17, 18, 19, 10]
0.779406803003 0.816929106325 0.727423417391
[0, 1, 2, 3, 4, 5, 6, 7, 8, 9, 11, 12, 14, 15, 16, 17, 18, 19, 10]
[36, 37, 38, 39, 20, 21, 25, 26, 27, 58, 35]
[0, 1, 2, 3, 4, 5, 6, 7, 8, 9, 11, 12, 14, 15, 16, 17, 18, 19, 10, 36, 37, 38, 39, 20, 21, 25, 26, 27, 58, 35]
0.816929106325 0.707070707071 0.692242632096
[0, 1, 2, 3, 4, 5, 6, 7, 8, 9, 11, 12, 14, 15, 16, 17, 18, 19, 10]
[0, 1, 2, 5, 39, 15, 17, 19, 57, 42, 18]
[0, 1, 2, 3, 4, 5, 6, 7, 8, 9, 11, 12, 14, 15, 16, 17, 18, 19, 10, 0, 1, 2, 5, 39, 15, 17, 19, 57, 42, 18]
0.816929106325 0.746464646465 0.782918960125
[0, 1, 2, 3, 4, 5, 6, 7, 8, 9, 11, 12, 14, 15, 16, 17, 18, 19, 10]
[33, 34, 35, 36, 37, 38, 39, 20, 21, 22, 23, 25, 26, 28, 29, 32]
[0, 1, 2, 3, 4, 5, 6, 7, 8, 9, 11, 12, 14, 15, 16, 17, 18, 19, 10, 33, 34, 35, 36, 37, 38, 39, 20, 21, 22, 23, 25, 26, 28, 29, 32]
0.816929106325 0.806365509491 0.730096779971
[0, 1, 2, 3, 4, 5, 6, 7, 8, 9, 11, 12, 14, 15, 16, 17, 18, 19, 10]
[1, 40, 41, 42, 43, 45, 46, 48, 49, 53, 54, 55, 56, 57, 58, 59, 52]
[0, 1, 2, 3, 4, 5, 6, 7, 8, 9, 11, 12, 14, 15, 16, 17, 18, 19, 10, 1, 40, 41, 42, 43, 45, 46, 48, 49, 53, 54, 55, 56, 57, 58, 59, 52]
0.816929106325 0.755780983722 0.747783640263
[0, 1, 2, 3, 4, 5, 6, 7, 8, 9, 11, 12, 14, 15, 16, 17, 18, 19, 10]
[41, 42, 43, 44, 45, 46, 47, 48, 49, 52, 53, 54, 55, 56, 57, 58, 59, 51]
[0, 1, 2, 3, 4, 5, 6, 7, 8, 9, 11, 12, 14, 15, 16, 17, 18, 19, 10, 41, 42, 43, 44, 45, 46, 47, 48, 49, 52, 53, 54, 55, 56, 57, 58, 59, 51]
0.816929106325 0.813553167965 0.713466660525
[0, 1, 2, 3, 4, 5, 6, 7, 8, 9, 11, 12, 14, 15, 16, 17, 18, 19, 10]
[1, 2, 3, 4, 5, 6, 7, 8, 9, 43, 12, 14, 15, 16, 17, 18, 19, 11]
[0, 1, 2, 3, 4, 5, 6, 7, 8, 9, 11, 12, 14, 15, 16, 17, 18, 19, 10, 1, 2, 3, 4, 5, 6, 7, 8, 9, 43, 12, 14, 15, 16, 17, 18, 19, 11]
0.816929106325 0.760442054315 0.773509121597
[0, 1, 2, 3, 4, 5, 6, 7, 8, 9, 11, 12, 14, 15, 16, 17, 18, 19, 10]
[32, 33, 34, 35, 36, 37, 38, 39, 25, 21, 22, 23, 24, 57, 26, 27, 28, 29, 31]
[0, 1, 2, 3, 4, 5, 6, 7, 8, 9, 11, 12, 14, 15, 16, 17, 18, 19, 10, 32, 33, 34, 35, 36, 37, 38, 39, 25, 21, 22, 23, 24, 57, 26, 27, 28, 29, 31]
0.816929106325 0.817274383683 0.735248072361
[32, 33, 34, 35, 36, 37, 38, 39, 25, 21, 22, 23, 24, 57, 26, 27, 28, 29, 31]
[36, 37, 38, 39, 20, 21, 25, 26, 27, 58, 35]
[32, 33, 34, 35, 36, 37, 38, 39, 25, 21, 22, 23, 24, 57, 26, 27, 28, 29, 31, 36, 37, 38, 39, 20, 21, 25, 26, 27, 58, 35]
0.817274383683 0.707070707071 0.741195040565
[32, 33, 34, 35, 36, 37, 38, 39, 25, 21, 22, 23, 24, 57, 26, 27, 28, 29, 31]
[0, 1, 2, 5, 39, 15, 17, 19, 57, 42, 18]
[32, 33, 34, 35, 36, 37, 38, 39, 25, 21, 22, 23, 24, 57, 26, 27, 28, 29, 31, 0, 1, 2, 5, 39, 15, 17, 19, 57, 42, 18]
0.817274383683 0.746464646465 0.723081178858
[32, 33, 34, 35, 36, 37, 38, 39, 25, 21, 22, 23, 24, 57, 26, 27, 28, 29, 31]
[33, 34, 35, 36, 37, 38, 39, 20, 21, 22, 23, 25, 26, 28, 29, 32]
[32, 33, 34, 35, 36, 37, 38, 39, 25, 21, 22, 23, 24, 57, 26, 27, 28, 29, 31, 33, 34, 35, 36, 37, 38, 39, 20, 21, 22, 23, 25, 26, 28, 29, 32]
0.817274383683 0.806365509491 0.813859188197
[32, 33, 34, 35, 36, 37, 38, 39, 25, 21, 22, 23, 24, 57, 26, 27, 28, 29, 31]
[1, 40, 41, 42, 43, 45, 46, 48, 49, 53, 54, 55, 56, 57, 58, 59, 52]
[32, 33, 34, 35, 36, 37, 38, 39, 25, 21, 22, 23, 24, 57, 26, 27, 28, 29, 31, 1, 40, 41, 42, 43, 45, 46, 48, 49, 53, 54, 55, 56, 57, 58, 59, 52]
0.817274383683 0.755780983722 0.710439080061
[32, 33, 34, 35, 36, 37, 38, 39, 25, 21, 22, 23, 24, 57, 26, 27, 28, 29, 31]
[41, 42, 43, 44, 45, 46, 47, 48, 49, 52, 53, 54, 55, 56, 57, 58, 59, 51]
[32, 33, 34, 35, 36, 37, 38, 39, 25, 21, 22, 23, 24, 57, 26, 27, 28, 29, 31, 41, 42, 43, 44, 45, 46, 47, 48, 49, 52, 53, 54, 55, 56, 57, 58, 59, 51]
0.817274383683 0.813553167965 0.731889506644
[32, 33, 34, 35, 36, 37, 38, 39, 25, 21, 22, 23, 24, 57, 26, 27, 28, 29, 31]
[1, 2, 3, 4, 5, 6, 7, 8, 9, 43, 12, 14, 15, 16, 17, 18, 19, 11]
[32, 33, 34, 35, 36, 37, 38, 39, 25, 21, 22, 23, 24, 57, 26, 27, 28, 29, 31, 1, 2, 3, 4, 5, 6, 7, 8, 9, 43, 12, 14, 15, 16, 17, 18, 19, 11]
0.817274383683 0.760442054315 0.703243687067
[1, 2, 3, 4, 5, 6, 7, 8, 9, 43, 12, 14, 15, 16, 17, 18, 19, 11]
[36, 37, 38, 39, 20, 21, 25, 26, 27, 58, 35]
[1, 2, 3, 4, 5, 6, 7, 8, 9, 43, 12, 14, 15, 16, 17, 18, 19, 11, 36, 37, 38, 39, 20, 21, 25, 26, 27, 58, 35]
0.760442054315 0.707070707071 0.662254237761
[1, 2, 3, 4, 5, 6, 7, 8, 9, 43, 12, 14, 15, 16, 17, 18, 19, 11]
[0, 1, 2, 5, 39, 15, 17, 19, 57, 42, 18]
[1, 2, 3, 4, 5, 6, 7, 8, 9, 43, 12, 14, 15, 16, 17, 18, 19, 11, 0, 1, 2, 5, 39, 15, 17, 19, 57, 42, 18]
0.760442054315 0.746464646465 0.734467574909
[1, 2, 3, 4, 5, 6, 7, 8, 9, 43, 12, 14, 15, 16, 17, 18, 19, 11]
[33, 34, 35, 36, 37, 38, 39, 20, 21, 22, 23, 25, 26, 28, 29, 32]
[1, 2, 3, 4, 5, 6, 7, 8, 9, 43, 12, 14, 15, 16, 17, 18, 19, 11, 33, 34, 35, 36, 37, 38, 39, 20, 21, 22, 23, 25, 26, 28, 29, 32]
0.760442054315 0.806365509491 0.707133240654
[1, 2, 3, 4, 5, 6, 7, 8, 9, 43, 12, 14, 15, 16, 17, 18, 19, 11]
[1, 40, 41, 42, 43, 45, 46, 48, 49, 53, 54, 55, 56, 57, 58, 59, 52]
[1, 2, 3, 4, 5, 6, 7, 8, 9, 43, 12, 14, 15, 16, 17, 18, 19, 11, 1, 40, 41, 42, 43, 45, 46, 48, 49, 53, 54, 55, 56, 57, 58, 59, 52]
0.760442054315 0.755780983722 0.731855785332
[1, 2, 3, 4, 5, 6, 7, 8, 9, 43, 12, 14, 15, 16, 17, 18, 19, 11]
[41, 42, 43, 44, 45, 46, 47, 48, 49, 52, 53, 54, 55, 56, 57, 58, 59, 51]
[1, 2, 3, 4, 5, 6, 7, 8, 9, 43, 12, 14, 15, 16, 17, 18, 19, 11, 41, 42, 43, 44, 45, 46, 47, 48, 49, 52, 53, 54, 55, 56, 57, 58, 59, 51]
0.760442054315 0.813553167965 0.692678474653
[41, 42, 43, 44, 45, 46, 47, 48, 49, 52, 53, 54, 55, 56, 57, 58, 59, 51]
[36, 37, 38, 39, 20, 21, 25, 26, 27, 58, 35]
[41, 42, 43, 44, 45, 46, 47, 48, 49, 52, 53, 54, 55, 56, 57, 58, 59, 51, 36, 37, 38, 39, 20, 21, 25, 26, 27, 58, 35]
0.813553167965 0.707070707071 0.703391683014
[41, 42, 43, 44, 45, 46, 47, 48, 49, 52, 53, 54, 55, 56, 57, 58, 59, 51]
[0, 1, 2, 5, 39, 15, 17, 19, 57, 42, 18]
[41, 42, 43, 44, 45, 46, 47, 48, 49, 52, 53, 54, 55, 56, 57, 58, 59, 51, 0, 1, 2, 5, 39, 15, 17, 19, 57, 42, 18]
0.813553167965 0.746464646465 0.739044530875
[41, 42, 43, 44, 45, 46, 47, 48, 49, 52, 53, 54, 55, 56, 57, 58, 59, 51]
[33, 34, 35, 36, 37, 38, 39, 20, 21, 22, 23, 25, 26, 28, 29, 32]
[41, 42, 43, 44, 45, 46, 47, 48, 49, 52, 53, 54, 55, 56, 57, 58, 59, 51, 33, 34, 35, 36, 37, 38, 39, 20, 21, 22, 23, 25, 26, 28, 29, 32]
0.813553167965 0.806365509491 0.707974407369
[41, 42, 43, 44, 45, 46, 47, 48, 49, 52, 53, 54, 55, 56, 57, 58, 59, 51]
[1, 40, 41, 42, 43, 45, 46, 48, 49, 53, 54, 55, 56, 57, 58, 59, 52]
[41, 42, 43, 44, 45, 46, 47, 48, 49, 52, 53, 54, 55, 56, 57, 58, 59, 51, 1, 40, 41, 42, 43, 45, 46, 48, 49, 53, 54, 55, 56, 57, 58, 59, 52]
0.813553167965 0.755780983722 0.766754218004
[1, 40, 41, 42, 43, 45, 46, 48, 49, 53, 54, 55, 56, 57, 58, 59, 52]
[36, 37, 38, 39, 20, 21, 25, 26, 27, 58, 35]
[1, 40, 41, 42, 43, 45, 46, 48, 49, 53, 54, 55, 56, 57, 58, 59, 52, 36, 37, 38, 39, 20, 21, 25, 26, 27, 58, 35]
0.755780983722 0.707070707071 0.66400811123
[1, 40, 41, 42, 43, 45, 46, 48, 49, 53, 54, 55, 56, 57, 58, 59, 52]
[0, 1, 2, 5, 39, 15, 17, 19, 57, 42, 18]
[1, 40, 41, 42, 43, 45, 46, 48, 49, 53, 54, 55, 56, 57, 58, 59, 52, 0, 1, 2, 5, 39, 15, 17, 19, 57, 42, 18]
0.755780983722 0.746464646465 0.728436119436
[1, 40, 41, 42, 43, 45, 46, 48, 49, 53, 54, 55, 56, 57, 58, 59, 52]
[33, 34, 35, 36, 37, 38, 39, 20, 21, 22, 23, 25, 26, 28, 29, 32]
[1, 40, 41, 42, 43, 45, 46, 48, 49, 53, 54, 55, 56, 57, 58, 59, 52, 33, 34, 35, 36, 37, 38, 39, 20, 21, 22, 23, 25, 26, 28, 29, 32]
0.755780983722 0.806365509491 0.689915892189
[33, 34, 35, 36, 37, 38, 39, 20, 21, 22, 23, 25, 26, 28, 29, 32]
[36, 37, 38, 39, 20, 21, 25, 26, 27, 58, 35]
[33, 34, 35, 36, 37, 38, 39, 20, 21, 22, 23, 25, 26, 28, 29, 32, 36, 37, 38, 39, 20, 21, 25, 26, 27, 58, 35]
0.806365509491 0.707070707071 0.789448514449
[33, 34, 35, 36, 37, 38, 39, 20, 21, 22, 23, 25, 26, 28, 29, 32]
[0, 1, 2, 5, 39, 15, 17, 19, 57, 42, 18]
[33, 34, 35, 36, 37, 38, 39, 20, 21, 22, 23, 25, 26, 28, 29, 32, 0, 1, 2, 5, 39, 15, 17, 19, 57, 42, 18]
0.806365509491 0.746464646465 0.701665001665
[0, 1, 2, 5, 39, 15, 17, 19, 57, 42, 18]
[36, 37, 38, 39, 20, 21, 25, 26, 27, 58, 35]
[0, 1, 2, 5, 39, 15, 17, 19, 57, 42, 18, 36, 37, 38, 39, 20, 21, 25, 26, 27, 58, 35]
0.746464646465 0.707070707071 0.565910808768
[0, 1, 3, 5, 6, 8, 9, 10, 11, 12, 14, 15, 16, 17, 18, 19, 21, 54, 59, 35, 13]
[36, 37, 38, 39, 20, 21, 25, 26, 27, 58, 35]
[0, 1, 3, 5, 6, 8, 9, 10, 11, 12, 14, 15, 16, 17, 18, 19, 21, 54, 59, 35, 13, 36, 37, 38, 39, 20, 21, 25, 26, 27, 58, 35]
0.861949801799 0.707070707071 0.641165080926
[0, 1, 3, 5, 6, 8, 9, 10, 11, 12, 14, 15, 16, 17, 18, 19, 21, 54, 59, 35, 13]
[0, 1, 2, 5, 39, 15, 17, 19, 57, 42, 18]
[0, 1, 3, 5, 6, 8, 9, 10, 11, 12, 14, 15, 16, 17, 18, 19, 21, 54, 59, 35, 13, 0, 1, 2, 5, 39, 15, 17, 19, 57, 42, 18]
0.861949801799 0.746464646465 0.738572507987
[0, 1, 3, 5, 6, 8, 9, 10, 11, 12, 14, 15, 16, 17, 18, 19, 21, 54, 59, 35, 13]
[33, 34, 35, 36, 37, 38, 39, 20, 21, 22, 23, 25, 26, 28, 29, 32]
[0, 1, 3, 5, 6, 8, 9, 10, 11, 12, 14, 15, 16, 17, 18, 19, 21, 54, 59, 35, 13, 33, 34, 35, 36, 37, 38, 39, 20, 21, 22, 23, 25, 26, 28, 29, 32]
0.861949801799 0.806365509491 0.73522691275
[0, 1, 3, 5, 6, 8, 9, 10, 11, 12, 14, 15, 16, 17, 18, 19, 21, 54, 59, 35, 13]
[1, 40, 41, 42, 43, 45, 46, 48, 49, 53, 54, 55, 56, 57, 58, 59, 52]
[0, 1, 3, 5, 6, 8, 9, 10, 11, 12, 14, 15, 16, 17, 18, 19, 21, 54, 59, 35, 13, 1, 40, 41, 42, 43, 45, 46, 48, 49, 53, 54, 55, 56, 57, 58, 59, 52]
0.861949801799 0.755780983722 0.698276076472
[0, 1, 3, 5, 6, 8, 9, 10, 11, 12, 14, 15, 16, 17, 18, 19, 21, 54, 59, 35, 13]
[41, 42, 43, 44, 45, 46, 47, 48, 49, 52, 53, 54, 55, 56, 57, 58, 59, 51]
[0, 1, 3, 5, 6, 8, 9, 10, 11, 12, 14, 15, 16, 17, 18, 19, 21, 54, 59, 35, 13, 41, 42, 43, 44, 45, 46, 47, 48, 49, 52, 53, 54, 55, 56, 57, 58, 59, 51]
0.861949801799 0.813553167965 0.673533538162
[0, 1, 3, 5, 6, 8, 9, 10, 11, 12, 14, 15, 16, 17, 18, 19, 21, 54, 59, 35, 13]
[1, 2, 3, 4, 5, 6, 7, 8, 9, 43, 12, 14, 15, 16, 17, 18, 19, 11]
[0, 1, 3, 5, 6, 8, 9, 10, 11, 12, 14, 15, 16, 17, 18, 19, 21, 54, 59, 35, 13, 1, 2, 3, 4, 5, 6, 7, 8, 9, 43, 12, 14, 15, 16, 17, 18, 19, 11]
0.861949801799 0.760442054315 0.806424796737
[0, 1, 3, 5, 6, 8, 9, 10, 11, 12, 14, 15, 16, 17, 18, 19, 21, 54, 59, 35, 13]
[32, 33, 34, 35, 36, 37, 38, 39, 25, 21, 22, 23, 24, 57, 26, 27, 28, 29, 31]
[0, 1, 3, 5, 6, 8, 9, 10, 11, 12, 14, 15, 16, 17, 18, 19, 21, 54, 59, 35, 13, 32, 33, 34, 35, 36, 37, 38, 39, 25, 21, 22, 23, 24, 57, 26, 27, 28, 29, 31]
0.861949801799 0.817274383683 0.71878091085
[0, 1, 3, 5, 6, 8, 9, 10, 11, 12, 14, 15, 16, 17, 18, 19, 21, 54, 59, 35, 13]
[0, 1, 2, 3, 4, 5, 6, 7, 8, 9, 11, 12, 14, 15, 16, 17, 18, 19, 10]
[0, 1, 3, 5, 6, 8, 9, 10, 11, 12, 14, 15, 16, 17, 18, 19, 21, 54, 59, 35, 13, 0, 1, 2, 3, 4, 5, 6, 7, 8, 9, 11, 12, 14, 15, 16, 17, 18, 19, 10]
0.861949801799 0.816929106325 0.84223314561
[0, 1, 3, 5, 6, 8, 9, 10, 11, 12, 14, 15, 16, 17, 18, 19, 21, 54, 59, 35, 13]
[47, 40, 41, 42, 43, 44, 45, 46, 15, 48, 49, 50, 51, 52, 53, 54, 55, 56, 57, 58, 59]
[0, 1, 3, 5, 6, 8, 9, 10, 11, 12, 14, 15, 16, 17, 18, 19, 21, 54, 59, 35, 13, 47, 40, 41, 42, 43, 44, 45, 46, 15, 48, 49, 50, 51, 52, 53, 54, 55, 56, 57, 58, 59]
0.861949801799 0.779406803003 0.692621673617
[0, 1, 3, 5, 6, 8, 9, 10, 11, 12, 14, 15, 16, 17, 18, 19, 21, 54, 59, 35, 13]
[32, 33, 34, 35, 36, 37, 38, 39, 29, 52, 21, 22, 23, 24, 20, 25, 27, 28, 26, 31, 30]
[0, 1, 3, 5, 6, 8, 9, 10, 11, 12, 14, 15, 16, 17, 18, 19, 21, 54, 59, 35, 13, 32, 33, 34, 35, 36, 37, 38, 39, 29, 52, 21, 22, 23, 24, 20, 25, 27, 28, 26, 31, 30]
0.861949801799 0.779406803003 0.706865018152
[32, 33, 34, 35, 36, 37, 38, 39, 29, 52, 21, 22, 23, 24, 20, 25, 27, 28, 26, 31, 30]
[36, 37, 38, 39, 20, 21, 25, 26, 27, 58, 35]
[32, 33, 34, 35, 36, 37, 38, 39, 29, 52, 21, 22, 23, 24, 20, 25, 27, 28, 26, 31, 30, 36, 37, 38, 39, 20, 21, 25, 26, 27, 58, 35]
0.779406803003 0.707070707071 0.743313220382
[32, 33, 34, 35, 36, 37, 38, 39, 29, 52, 21, 22, 23, 24, 20, 25, 27, 28, 26, 31, 30]
[0, 1, 2, 5, 39, 15, 17, 19, 57, 42, 18]
[32, 33, 34, 35, 36, 37, 38, 39, 29, 52, 21, 22, 23, 24, 20, 25, 27, 28, 26, 31, 30, 0, 1, 2, 5, 39, 15, 17, 19, 57, 42, 18]
0.779406803003 0.746464646465 0.658679246173
[32, 33, 34, 35, 36, 37, 38, 39, 29, 52, 21, 22, 23, 24, 20, 25, 27, 28, 26, 31, 30]
[33, 34, 35, 36, 37, 38, 39, 20, 21, 22, 23, 25, 26, 28, 29, 32]
[32, 33, 34, 35, 36, 37, 38, 39, 29, 52, 21, 22, 23, 24, 20, 25, 27, 28, 26, 31, 30, 33, 34, 35, 36, 37, 38, 39, 20, 21, 22, 23, 25, 26, 28, 29, 32]
0.779406803003 0.806365509491 0.779406803003
[32, 33, 34, 35, 36, 37, 38, 39, 29, 52, 21, 22, 23, 24, 20, 25, 27, 28, 26, 31, 30]
[1, 40, 41, 42, 43, 45, 46, 48, 49, 53, 54, 55, 56, 57, 58, 59, 52]
[32, 33, 34, 35, 36, 37, 38, 39, 29, 52, 21, 22, 23, 24, 20, 25, 27, 28, 26, 31, 30, 1, 40, 41, 42, 43, 45, 46, 48, 49, 53, 54, 55, 56, 57, 58, 59, 52]
0.779406803003 0.755780983722 0.711690981737
[32, 33, 34, 35, 36, 37, 38, 39, 29, 52, 21, 22, 23, 24, 20, 25, 27, 28, 26, 31, 30]
[41, 42, 43, 44, 45, 46, 47, 48, 49, 52, 53, 54, 55, 56, 57, 58, 59, 51]
[32, 33, 34, 35, 36, 37, 38, 39, 29, 52, 21, 22, 23, 24, 20, 25, 27, 28, 26, 31, 30, 41, 42, 43, 44, 45, 46, 47, 48, 49, 52, 53, 54, 55, 56, 57, 58, 59, 51]
0.779406803003 0.813553167965 0.730214609138
[32, 33, 34, 35, 36, 37, 38, 39, 29, 52, 21, 22, 23, 24, 20, 25, 27, 28, 26, 31, 30]
[1, 2, 3, 4, 5, 6, 7, 8, 9, 43, 12, 14, 15, 16, 17, 18, 19, 11]
[32, 33, 34, 35, 36, 37, 38, 39, 29, 52, 21, 22, 23, 24, 20, 25, 27, 28, 26, 31, 30, 1, 2, 3, 4, 5, 6, 7, 8, 9, 43, 12, 14, 15, 16, 17, 18, 19, 11]
0.779406803003 0.760442054315 0.693027224511
[32, 33, 34, 35, 36, 37, 38, 39, 29, 52, 21, 22, 23, 24, 20, 25, 27, 28, 26, 31, 30]
[32, 33, 34, 35, 36, 37, 38, 39, 25, 21, 22, 23, 24, 57, 26, 27, 28, 29, 31]
[32, 33, 34, 35, 36, 37, 38, 39, 29, 52, 21, 22, 23, 24, 20, 25, 27, 28, 26, 31, 30, 32, 33, 34, 35, 36, 37, 38, 39, 25, 21, 22, 23, 24, 57, 26, 27, 28, 29, 31]
0.779406803003 0.817274383683 0.753492068022
[32, 33, 34, 35, 36, 37, 38, 39, 29, 52, 21, 22, 23, 24, 20, 25, 27, 28, 26, 31, 30]
[0, 1, 2, 3, 4, 5, 6, 7, 8, 9, 11, 12, 14, 15, 16, 17, 18, 19, 10]
[32, 33, 34, 35, 36, 37, 38, 39, 29, 52, 21, 22, 23, 24, 20, 25, 27, 28, 26, 31, 30, 0, 1, 2, 3, 4, 5, 6, 7, 8, 9, 11, 12, 14, 15, 16, 17, 18, 19, 10]
0.779406803003 0.816929106325 0.713949162293
[32, 33, 34, 35, 36, 37, 38, 39, 29, 52, 21, 22, 23, 24, 20, 25, 27, 28, 26, 31, 30]
[47, 40, 41, 42, 43, 44, 45, 46, 15, 48, 49, 50, 51, 52, 53, 54, 55, 56, 57, 58, 59]
[32, 33, 34, 35, 36, 37, 38, 39, 29, 52, 21, 22, 23, 24, 20, 25, 27, 28, 26, 31, 30, 47, 40, 41, 42, 43, 44, 45, 46, 15, 48, 49, 50, 51, 52, 53, 54, 55, 56, 57, 58, 59]
0.779406803003 0.779406803003 0.714284475666
[47, 40, 41, 42, 43, 44, 45, 46, 15, 48, 49, 50, 51, 52, 53, 54, 55, 56, 57, 58, 59]
[36, 37, 38, 39, 20, 21, 25, 26, 27, 58, 35]
[47, 40, 41, 42, 43, 44, 45, 46, 15, 48, 49, 50, 51, 52, 53, 54, 55, 56, 57, 58, 59, 36, 37, 38, 39, 20, 21, 25, 26, 27, 58, 35]
0.779406803003 0.707070707071 0.683244689551
[47, 40, 41, 42, 43, 44, 45, 46, 15, 48, 49, 50, 51, 52, 53, 54, 55, 56, 57, 58, 59]
[0, 1, 2, 5, 39, 15, 17, 19, 57, 42, 18]
[47, 40, 41, 42, 43, 44, 45, 46, 15, 48, 49, 50, 51, 52, 53, 54, 55, 56, 57, 58, 59, 0, 1, 2, 5, 39, 15, 17, 19, 57, 42, 18]
0.779406803003 0.746464646465 0.74308841195
[47, 40, 41, 42, 43, 44, 45, 46, 15, 48, 49, 50, 51, 52, 53, 54, 55, 56, 57, 58, 59]
[33, 34, 35, 36, 37, 38, 39, 20, 21, 22, 23, 25, 26, 28, 29, 32]
[47, 40, 41, 42, 43, 44, 45, 46, 15, 48, 49, 50, 51, 52, 53, 54, 55, 56, 57, 58, 59, 33, 34, 35, 36, 37, 38, 39, 20, 21, 22, 23, 25, 26, 28, 29, 32]
0.779406803003 0.806365509491 0.691829322789
[47, 40, 41, 42, 43, 44, 45, 46, 15, 48, 49, 50, 51, 52, 53, 54, 55, 56, 57, 58, 59]
[1, 40, 41, 42, 43, 45, 46, 48, 49, 53, 54, 55, 56, 57, 58, 59, 52]
[47, 40, 41, 42, 43, 44, 45, 46, 15, 48, 49, 50, 51, 52, 53, 54, 55, 56, 57, 58, 59, 1, 40, 41, 42, 43, 45, 46, 48, 49, 53, 54, 55, 56, 57, 58, 59, 52]
0.779406803003 0.755780983722 0.741194016057
[47, 40, 41, 42, 43, 44, 45, 46, 15, 48, 49, 50, 51, 52, 53, 54, 55, 56, 57, 58, 59]
[41, 42, 43, 44, 45, 46, 47, 48, 49, 52, 53, 54, 55, 56, 57, 58, 59, 51]
[47, 40, 41, 42, 43, 44, 45, 46, 15, 48, 49, 50, 51, 52, 53, 54, 55, 56, 57, 58, 59, 41, 42, 43, 44, 45, 46, 47, 48, 49, 52, 53, 54, 55, 56, 57, 58, 59, 51]
0.779406803003 0.813553167965 0.779406803003
[47, 40, 41, 42, 43, 44, 45, 46, 15, 48, 49, 50, 51, 52, 53, 54, 55, 56, 57, 58, 59]
[1, 2, 3, 4, 5, 6, 7, 8, 9, 43, 12, 14, 15, 16, 17, 18, 19, 11]
[47, 40, 41, 42, 43, 44, 45, 46, 15, 48, 49, 50, 51, 52, 53, 54, 55, 56, 57, 58, 59, 1, 2, 3, 4, 5, 6, 7, 8, 9, 43, 12, 14, 15, 16, 17, 18, 19, 11]
0.779406803003 0.760442054315 0.708039936059
[47, 40, 41, 42, 43, 44, 45, 46, 15, 48, 49, 50, 51, 52, 53, 54, 55, 56, 57, 58, 59]
[32, 33, 34, 35, 36, 37, 38, 39, 25, 21, 22, 23, 24, 57, 26, 27, 28, 29, 31]
[47, 40, 41, 42, 43, 44, 45, 46, 15, 48, 49, 50, 51, 52, 53, 54, 55, 56, 57, 58, 59, 32, 33, 34, 35, 36, 37, 38, 39, 25, 21, 22, 23, 24, 57, 26, 27, 28, 29, 31]
0.779406803003 0.817274383683 0.713651070248
[47, 40, 41, 42, 43, 44, 45, 46, 15, 48, 49, 50, 51, 52, 53, 54, 55, 56, 57, 58, 59]
[0, 1, 2, 3, 4, 5, 6, 7, 8, 9, 11, 12, 14, 15, 16, 17, 18, 19, 10]
[47, 40, 41, 42, 43, 44, 45, 46, 15, 48, 49, 50, 51, 52, 53, 54, 55, 56, 57, 58, 59, 0, 1, 2, 3, 4, 5, 6, 7, 8, 9, 11, 12, 14, 15, 16, 17, 18, 19, 10]
0.779406803003 0.816929106325 0.727423417391
[0, 1, 2, 3, 4, 5, 6, 7, 8, 9, 11, 12, 14, 15, 16, 17, 18, 19, 10]
[36, 37, 38, 39, 20, 21, 25, 26, 27, 58, 35]
[0, 1, 2, 3, 4, 5, 6, 7, 8, 9, 11, 12, 14, 15, 16, 17, 18, 19, 10, 36, 37, 38, 39, 20, 21, 25, 26, 27, 58, 35]
0.816929106325 0.707070707071 0.692242632096
[0, 1, 2, 3, 4, 5, 6, 7, 8, 9, 11, 12, 14, 15, 16, 17, 18, 19, 10]
[0, 1, 2, 5, 39, 15, 17, 19, 57, 42, 18]
[0, 1, 2, 3, 4, 5, 6, 7, 8, 9, 11, 12, 14, 15, 16, 17, 18, 19, 10, 0, 1, 2, 5, 39, 15, 17, 19, 57, 42, 18]
0.816929106325 0.746464646465 0.782918960125
[0, 1, 2, 3, 4, 5, 6, 7, 8, 9, 11, 12, 14, 15, 16, 17, 18, 19, 10]
[33, 34, 35, 36, 37, 38, 39, 20, 21, 22, 23, 25, 26, 28, 29, 32]
[0, 1, 2, 3, 4, 5, 6, 7, 8, 9, 11, 12, 14, 15, 16, 17, 18, 19, 10, 33, 34, 35, 36, 37, 38, 39, 20, 21, 22, 23, 25, 26, 28, 29, 32]
0.816929106325 0.806365509491 0.730096779971
[0, 1, 2, 3, 4, 5, 6, 7, 8, 9, 11, 12, 14, 15, 16, 17, 18, 19, 10]
[1, 40, 41, 42, 43, 45, 46, 48, 49, 53, 54, 55, 56, 57, 58, 59, 52]
[0, 1, 2, 3, 4, 5, 6, 7, 8, 9, 11, 12, 14, 15, 16, 17, 18, 19, 10, 1, 40, 41, 42, 43, 45, 46, 48, 49, 53, 54, 55, 56, 57, 58, 59, 52]
0.816929106325 0.755780983722 0.747783640263
[0, 1, 2, 3, 4, 5, 6, 7, 8, 9, 11, 12, 14, 15, 16, 17, 18, 19, 10]
[41, 42, 43, 44, 45, 46, 47, 48, 49, 52, 53, 54, 55, 56, 57, 58, 59, 51]
[0, 1, 2, 3, 4, 5, 6, 7, 8, 9, 11, 12, 14, 15, 16, 17, 18, 19, 10, 41, 42, 43, 44, 45, 46, 47, 48, 49, 52, 53, 54, 55, 56, 57, 58, 59, 51]
0.816929106325 0.813553167965 0.713466660525
[0, 1, 2, 3, 4, 5, 6, 7, 8, 9, 11, 12, 14, 15, 16, 17, 18, 19, 10]
[1, 2, 3, 4, 5, 6, 7, 8, 9, 43, 12, 14, 15, 16, 17, 18, 19, 11]
[0, 1, 2, 3, 4, 5, 6, 7, 8, 9, 11, 12, 14, 15, 16, 17, 18, 19, 10, 1, 2, 3, 4, 5, 6, 7, 8, 9, 43, 12, 14, 15, 16, 17, 18, 19, 11]
0.816929106325 0.760442054315 0.773509121597
[0, 1, 2, 3, 4, 5, 6, 7, 8, 9, 11, 12, 14, 15, 16, 17, 18, 19, 10]
[32, 33, 34, 35, 36, 37, 38, 39, 25, 21, 22, 23, 24, 57, 26, 27, 28, 29, 31]
[0, 1, 2, 3, 4, 5, 6, 7, 8, 9, 11, 12, 14, 15, 16, 17, 18, 19, 10, 32, 33, 34, 35, 36, 37, 38, 39, 25, 21, 22, 23, 24, 57, 26, 27, 28, 29, 31]
0.816929106325 0.817274383683 0.735248072361
[32, 33, 34, 35, 36, 37, 38, 39, 25, 21, 22, 23, 24, 57, 26, 27, 28, 29, 31]
[36, 37, 38, 39, 20, 21, 25, 26, 27, 58, 35]
[32, 33, 34, 35, 36, 37, 38, 39, 25, 21, 22, 23, 24, 57, 26, 27, 28, 29, 31, 36, 37, 38, 39, 20, 21, 25, 26, 27, 58, 35]
0.817274383683 0.707070707071 0.741195040565
[32, 33, 34, 35, 36, 37, 38, 39, 25, 21, 22, 23, 24, 57, 26, 27, 28, 29, 31]
[0, 1, 2, 5, 39, 15, 17, 19, 57, 42, 18]
[32, 33, 34, 35, 36, 37, 38, 39, 25, 21, 22, 23, 24, 57, 26, 27, 28, 29, 31, 0, 1, 2, 5, 39, 15, 17, 19, 57, 42, 18]
0.817274383683 0.746464646465 0.723081178858
[32, 33, 34, 35, 36, 37, 38, 39, 25, 21, 22, 23, 24, 57, 26, 27, 28, 29, 31]
[33, 34, 35, 36, 37, 38, 39, 20, 21, 22, 23, 25, 26, 28, 29, 32]
[32, 33, 34, 35, 36, 37, 38, 39, 25, 21, 22, 23, 24, 57, 26, 27, 28, 29, 31, 33, 34, 35, 36, 37, 38, 39, 20, 21, 22, 23, 25, 26, 28, 29, 32]
0.817274383683 0.806365509491 0.813859188197
[32, 33, 34, 35, 36, 37, 38, 39, 25, 21, 22, 23, 24, 57, 26, 27, 28, 29, 31]
[1, 40, 41, 42, 43, 45, 46, 48, 49, 53, 54, 55, 56, 57, 58, 59, 52]
[32, 33, 34, 35, 36, 37, 38, 39, 25, 21, 22, 23, 24, 57, 26, 27, 28, 29, 31, 1, 40, 41, 42, 43, 45, 46, 48, 49, 53, 54, 55, 56, 57, 58, 59, 52]
0.817274383683 0.755780983722 0.710439080061
[32, 33, 34, 35, 36, 37, 38, 39, 25, 21, 22, 23, 24, 57, 26, 27, 28, 29, 31]
[41, 42, 43, 44, 45, 46, 47, 48, 49, 52, 53, 54, 55, 56, 57, 58, 59, 51]
[32, 33, 34, 35, 36, 37, 38, 39, 25, 21, 22, 23, 24, 57, 26, 27, 28, 29, 31, 41, 42, 43, 44, 45, 46, 47, 48, 49, 52, 53, 54, 55, 56, 57, 58, 59, 51]
0.817274383683 0.813553167965 0.731889506644
[32, 33, 34, 35, 36, 37, 38, 39, 25, 21, 22, 23, 24, 57, 26, 27, 28, 29, 31]
[1, 2, 3, 4, 5, 6, 7, 8, 9, 43, 12, 14, 15, 16, 17, 18, 19, 11]
[32, 33, 34, 35, 36, 37, 38, 39, 25, 21, 22, 23, 24, 57, 26, 27, 28, 29, 31, 1, 2, 3, 4, 5, 6, 7, 8, 9, 43, 12, 14, 15, 16, 17, 18, 19, 11]
0.817274383683 0.760442054315 0.703243687067
[1, 2, 3, 4, 5, 6, 7, 8, 9, 43, 12, 14, 15, 16, 17, 18, 19, 11]
[36, 37, 38, 39, 20, 21, 25, 26, 27, 58, 35]
[1, 2, 3, 4, 5, 6, 7, 8, 9, 43, 12, 14, 15, 16, 17, 18, 19, 11, 36, 37, 38, 39, 20, 21, 25, 26, 27, 58, 35]
0.760442054315 0.707070707071 0.662254237761
[1, 2, 3, 4, 5, 6, 7, 8, 9, 43, 12, 14, 15, 16, 17, 18, 19, 11]
[0, 1, 2, 5, 39, 15, 17, 19, 57, 42, 18]
[1, 2, 3, 4, 5, 6, 7, 8, 9, 43, 12, 14, 15, 16, 17, 18, 19, 11, 0, 1, 2, 5, 39, 15, 17, 19, 57, 42, 18]
0.760442054315 0.746464646465 0.734467574909
[1, 2, 3, 4, 5, 6, 7, 8, 9, 43, 12, 14, 15, 16, 17, 18, 19, 11]
[33, 34, 35, 36, 37, 38, 39, 20, 21, 22, 23, 25, 26, 28, 29, 32]
[1, 2, 3, 4, 5, 6, 7, 8, 9, 43, 12, 14, 15, 16, 17, 18, 19, 11, 33, 34, 35, 36, 37, 38, 39, 20, 21, 22, 23, 25, 26, 28, 29, 32]
0.760442054315 0.806365509491 0.707133240654
[1, 2, 3, 4, 5, 6, 7, 8, 9, 43, 12, 14, 15, 16, 17, 18, 19, 11]
[1, 40, 41, 42, 43, 45, 46, 48, 49, 53, 54, 55, 56, 57, 58, 59, 52]
[1, 2, 3, 4, 5, 6, 7, 8, 9, 43, 12, 14, 15, 16, 17, 18, 19, 11, 1, 40, 41, 42, 43, 45, 46, 48, 49, 53, 54, 55, 56, 57, 58, 59, 52]
0.760442054315 0.755780983722 0.731855785332
[1, 2, 3, 4, 5, 6, 7, 8, 9, 43, 12, 14, 15, 16, 17, 18, 19, 11]
[41, 42, 43, 44, 45, 46, 47, 48, 49, 52, 53, 54, 55, 56, 57, 58, 59, 51]
[1, 2, 3, 4, 5, 6, 7, 8, 9, 43, 12, 14, 15, 16, 17, 18, 19, 11, 41, 42, 43, 44, 45, 46, 47, 48, 49, 52, 53, 54, 55, 56, 57, 58, 59, 51]
0.760442054315 0.813553167965 0.692678474653
[41, 42, 43, 44, 45, 46, 47, 48, 49, 52, 53, 54, 55, 56, 57, 58, 59, 51]
[36, 37, 38, 39, 20, 21, 25, 26, 27, 58, 35]
[41, 42, 43, 44, 45, 46, 47, 48, 49, 52, 53, 54, 55, 56, 57, 58, 59, 51, 36, 37, 38, 39, 20, 21, 25, 26, 27, 58, 35]
0.813553167965 0.707070707071 0.703391683014
[41, 42, 43, 44, 45, 46, 47, 48, 49, 52, 53, 54, 55, 56, 57, 58, 59, 51]
[0, 1, 2, 5, 39, 15, 17, 19, 57, 42, 18]
[41, 42, 43, 44, 45, 46, 47, 48, 49, 52, 53, 54, 55, 56, 57, 58, 59, 51, 0, 1, 2, 5, 39, 15, 17, 19, 57, 42, 18]
0.813553167965 0.746464646465 0.739044530875
[41, 42, 43, 44, 45, 46, 47, 48, 49, 52, 53, 54, 55, 56, 57, 58, 59, 51]
[33, 34, 35, 36, 37, 38, 39, 20, 21, 22, 23, 25, 26, 28, 29, 32]
[41, 42, 43, 44, 45, 46, 47, 48, 49, 52, 53, 54, 55, 56, 57, 58, 59, 51, 33, 34, 35, 36, 37, 38, 39, 20, 21, 22, 23, 25, 26, 28, 29, 32]
0.813553167965 0.806365509491 0.707974407369
[41, 42, 43, 44, 45, 46, 47, 48, 49, 52, 53, 54, 55, 56, 57, 58, 59, 51]
[1, 40, 41, 42, 43, 45, 46, 48, 49, 53, 54, 55, 56, 57, 58, 59, 52]
[41, 42, 43, 44, 45, 46, 47, 48, 49, 52, 53, 54, 55, 56, 57, 58, 59, 51, 1, 40, 41, 42, 43, 45, 46, 48, 49, 53, 54, 55, 56, 57, 58, 59, 52]
0.813553167965 0.755780983722 0.766754218004
[1, 40, 41, 42, 43, 45, 46, 48, 49, 53, 54, 55, 56, 57, 58, 59, 52]
[36, 37, 38, 39, 20, 21, 25, 26, 27, 58, 35]
[1, 40, 41, 42, 43, 45, 46, 48, 49, 53, 54, 55, 56, 57, 58, 59, 52, 36, 37, 38, 39, 20, 21, 25, 26, 27, 58, 35]
0.755780983722 0.707070707071 0.66400811123
[1, 40, 41, 42, 43, 45, 46, 48, 49, 53, 54, 55, 56, 57, 58, 59, 52]
[0, 1, 2, 5, 39, 15, 17, 19, 57, 42, 18]
[1, 40, 41, 42, 43, 45, 46, 48, 49, 53, 54, 55, 56, 57, 58, 59, 52, 0, 1, 2, 5, 39, 15, 17, 19, 57, 42, 18]
0.755780983722 0.746464646465 0.728436119436
[1, 40, 41, 42, 43, 45, 46, 48, 49, 53, 54, 55, 56, 57, 58, 59, 52]
[33, 34, 35, 36, 37, 38, 39, 20, 21, 22, 23, 25, 26, 28, 29, 32]
[1, 40, 41, 42, 43, 45, 46, 48, 49, 53, 54, 55, 56, 57, 58, 59, 52, 33, 34, 35, 36, 37, 38, 39, 20, 21, 22, 23, 25, 26, 28, 29, 32]
0.755780983722 0.806365509491 0.689915892189
[33, 34, 35, 36, 37, 38, 39, 20, 21, 22, 23, 25, 26, 28, 29, 32]
[36, 37, 38, 39, 20, 21, 25, 26, 27, 58, 35]
[33, 34, 35, 36, 37, 38, 39, 20, 21, 22, 23, 25, 26, 28, 29, 32, 36, 37, 38, 39, 20, 21, 25, 26, 27, 58, 35]
0.806365509491 0.707070707071 0.789448514449
[33, 34, 35, 36, 37, 38, 39, 20, 21, 22, 23, 25, 26, 28, 29, 32]
[0, 1, 2, 5, 39, 15, 17, 19, 57, 42, 18]
[33, 34, 35, 36, 37, 38, 39, 20, 21, 22, 23, 25, 26, 28, 29, 32, 0, 1, 2, 5, 39, 15, 17, 19, 57, 42, 18]
0.806365509491 0.746464646465 0.701665001665
[0, 1, 2, 5, 39, 15, 17, 19, 57, 42, 18]
[36, 37, 38, 39, 20, 21, 25, 26, 27, 58, 35]
[0, 1, 2, 5, 39, 15, 17, 19, 57, 42, 18, 36, 37, 38, 39, 20, 21, 25, 26, 27, 58, 35]
0.746464646465 0.707070707071 0.565910808768
level-2 complete.
Cluster-1 Total nodes: 21 [0, 1, 3, 5, 6, 8, 9, 10, 11, 12, 14, 15, 16, 17, 18, 19, 21, 54, 59, 35, 13]
Cluster-2 Total nodes: 21 [32, 33, 34, 35, 36, 37, 38, 39, 29, 52, 21, 22, 23, 24, 20, 25, 27, 28, 26, 31, 30]
Cluster-3 Total nodes: 21 [47, 40, 41, 42, 43, 44, 45, 46, 15, 48, 49, 50, 51, 52, 53, 54, 55, 56, 57, 58, 59]
Cluster-4 Total nodes: 19 [0, 1, 2, 3, 4, 5, 6, 7, 8, 9, 11, 12, 14, 15, 16, 17, 18, 19, 10]
Cluster-5 Total nodes: 19 [32, 33, 34, 35, 36, 37, 38, 39, 25, 21, 22, 23, 24, 57, 26, 27, 28, 29, 31]
Cluster-6 Total nodes: 18 [1, 2, 3, 4, 5, 6, 7, 8, 9, 43, 12, 14, 15, 16, 17, 18, 19, 11]
Cluster-7 Total nodes: 18 [41, 42, 43, 44, 45, 46, 47, 48, 49, 52, 53, 54, 55, 56, 57, 58, 59, 51]
Cluster-8 Total nodes: 17 [1, 40, 41, 42, 43, 45, 46, 48, 49, 53, 54, 55, 56, 57, 58, 59, 52]
Cluster-9 Total nodes: 16 [33, 34, 35, 36, 37, 38, 39, 20, 21, 22, 23, 25, 26, 28, 29, 32]
Cluster-10 Total nodes: 11 [0, 1, 2, 5, 39, 15, 17, 19, 57, 42, 18]
Cluster-11 Total nodes: 11 [36, 37, 38, 39, 20, 21, 25, 26, 27, 58, 35]
[0, 1, 3, 5, 6, 8, 9, 10, 11, 12, 14, 15, 16, 17, 18, 19, 21, 54, 59, 35, 13]
[36, 37, 38, 39, 20, 21, 25, 26, 27, 58, 35]
[0, 1, 3, 5, 6, 8, 9, 10, 11, 12, 14, 15, 16, 17, 18, 19, 21, 54, 59, 35, 13, 36, 37, 38, 39, 20, 21, 25, 26, 27, 58, 35]
0.861949801799 0.707070707071 0.641165080926
[0, 1, 3, 5, 6, 8, 9, 10, 11, 12, 14, 15, 16, 17, 18, 19, 21, 54, 59, 35, 13]
[0, 1, 2, 5, 39, 15, 17, 19, 57, 42, 18]
[0, 1, 3, 5, 6, 8, 9, 10, 11, 12, 14, 15, 16, 17, 18, 19, 21, 54, 59, 35, 13, 0, 1, 2, 5, 39, 15, 17, 19, 57, 42, 18]
0.861949801799 0.746464646465 0.738572507987
[0, 1, 3, 5, 6, 8, 9, 10, 11, 12, 14, 15, 16, 17, 18, 19, 21, 54, 59, 35, 13]
[33, 34, 35, 36, 37, 38, 39, 20, 21, 22, 23, 25, 26, 28, 29, 32]
[0, 1, 3, 5, 6, 8, 9, 10, 11, 12, 14, 15, 16, 17, 18, 19, 21, 54, 59, 35, 13, 33, 34, 35, 36, 37, 38, 39, 20, 21, 22, 23, 25, 26, 28, 29, 32]
0.861949801799 0.806365509491 0.73522691275
[0, 1, 3, 5, 6, 8, 9, 10, 11, 12, 14, 15, 16, 17, 18, 19, 21, 54, 59, 35, 13]
[1, 40, 41, 42, 43, 45, 46, 48, 49, 53, 54, 55, 56, 57, 58, 59, 52]
[0, 1, 3, 5, 6, 8, 9, 10, 11, 12, 14, 15, 16, 17, 18, 19, 21, 54, 59, 35, 13, 1, 40, 41, 42, 43, 45, 46, 48, 49, 53, 54, 55, 56, 57, 58, 59, 52]
0.861949801799 0.755780983722 0.698276076472
[0, 1, 3, 5, 6, 8, 9, 10, 11, 12, 14, 15, 16, 17, 18, 19, 21, 54, 59, 35, 13]
[41, 42, 43, 44, 45, 46, 47, 48, 49, 52, 53, 54, 55, 56, 57, 58, 59, 51]
[0, 1, 3, 5, 6, 8, 9, 10, 11, 12, 14, 15, 16, 17, 18, 19, 21, 54, 59, 35, 13, 41, 42, 43, 44, 45, 46, 47, 48, 49, 52, 53, 54, 55, 56, 57, 58, 59, 51]
0.861949801799 0.813553167965 0.673533538162
[0, 1, 3, 5, 6, 8, 9, 10, 11, 12, 14, 15, 16, 17, 18, 19, 21, 54, 59, 35, 13]
[1, 2, 3, 4, 5, 6, 7, 8, 9, 43, 12, 14, 15, 16, 17, 18, 19, 11]
[0, 1, 3, 5, 6, 8, 9, 10, 11, 12, 14, 15, 16, 17, 18, 19, 21, 54, 59, 35, 13, 1, 2, 3, 4, 5, 6, 7, 8, 9, 43, 12, 14, 15, 16, 17, 18, 19, 11]
0.861949801799 0.760442054315 0.806424796737
[0, 1, 3, 5, 6, 8, 9, 10, 11, 12, 14, 15, 16, 17, 18, 19, 21, 54, 59, 35, 13]
[32, 33, 34, 35, 36, 37, 38, 39, 25, 21, 22, 23, 24, 57, 26, 27, 28, 29, 31]
[0, 1, 3, 5, 6, 8, 9, 10, 11, 12, 14, 15, 16, 17, 18, 19, 21, 54, 59, 35, 13, 32, 33, 34, 35, 36, 37, 38, 39, 25, 21, 22, 23, 24, 57, 26, 27, 28, 29, 31]
0.861949801799 0.817274383683 0.71878091085
[0, 1, 3, 5, 6, 8, 9, 10, 11, 12, 14, 15, 16, 17, 18, 19, 21, 54, 59, 35, 13]
[0, 1, 2, 3, 4, 5, 6, 7, 8, 9, 11, 12, 14, 15, 16, 17, 18, 19, 10]
[0, 1, 3, 5, 6, 8, 9, 10, 11, 12, 14, 15, 16, 17, 18, 19, 21, 54, 59, 35, 13, 0, 1, 2, 3, 4, 5, 6, 7, 8, 9, 11, 12, 14, 15, 16, 17, 18, 19, 10]
0.861949801799 0.816929106325 0.84223314561
[0, 1, 3, 5, 6, 8, 9, 10, 11, 12, 14, 15, 16, 17, 18, 19, 21, 54, 59, 35, 13]
[47, 40, 41, 42, 43, 44, 45, 46, 15, 48, 49, 50, 51, 52, 53, 54, 55, 56, 57, 58, 59]
[0, 1, 3, 5, 6, 8, 9, 10, 11, 12, 14, 15, 16, 17, 18, 19, 21, 54, 59, 35, 13, 47, 40, 41, 42, 43, 44, 45, 46, 15, 48, 49, 50, 51, 52, 53, 54, 55, 56, 57, 58, 59]
0.861949801799 0.779406803003 0.692621673617
[0, 1, 3, 5, 6, 8, 9, 10, 11, 12, 14, 15, 16, 17, 18, 19, 21, 54, 59, 35, 13]
[32, 33, 34, 35, 36, 37, 38, 39, 29, 52, 21, 22, 23, 24, 20, 25, 27, 28, 26, 31, 30]
[0, 1, 3, 5, 6, 8, 9, 10, 11, 12, 14, 15, 16, 17, 18, 19, 21, 54, 59, 35, 13, 32, 33, 34, 35, 36, 37, 38, 39, 29, 52, 21, 22, 23, 24, 20, 25, 27, 28, 26, 31, 30]
0.861949801799 0.779406803003 0.706865018152
[32, 33, 34, 35, 36, 37, 38, 39, 29, 52, 21, 22, 23, 24, 20, 25, 27, 28, 26, 31, 30]
[36, 37, 38, 39, 20, 21, 25, 26, 27, 58, 35]
[32, 33, 34, 35, 36, 37, 38, 39, 29, 52, 21, 22, 23, 24, 20, 25, 27, 28, 26, 31, 30, 36, 37, 38, 39, 20, 21, 25, 26, 27, 58, 35]
0.779406803003 0.707070707071 0.743313220382
[32, 33, 34, 35, 36, 37, 38, 39, 29, 52, 21, 22, 23, 24, 20, 25, 27, 28, 26, 31, 30]
[0, 1, 2, 5, 39, 15, 17, 19, 57, 42, 18]
[32, 33, 34, 35, 36, 37, 38, 39, 29, 52, 21, 22, 23, 24, 20, 25, 27, 28, 26, 31, 30, 0, 1, 2, 5, 39, 15, 17, 19, 57, 42, 18]
0.779406803003 0.746464646465 0.658679246173
[32, 33, 34, 35, 36, 37, 38, 39, 29, 52, 21, 22, 23, 24, 20, 25, 27, 28, 26, 31, 30]
[33, 34, 35, 36, 37, 38, 39, 20, 21, 22, 23, 25, 26, 28, 29, 32]
[32, 33, 34, 35, 36, 37, 38, 39, 29, 52, 21, 22, 23, 24, 20, 25, 27, 28, 26, 31, 30, 33, 34, 35, 36, 37, 38, 39, 20, 21, 22, 23, 25, 26, 28, 29, 32]
0.779406803003 0.806365509491 0.779406803003
[32, 33, 34, 35, 36, 37, 38, 39, 29, 52, 21, 22, 23, 24, 20, 25, 27, 28, 26, 31, 30]
[1, 40, 41, 42, 43, 45, 46, 48, 49, 53, 54, 55, 56, 57, 58, 59, 52]
[32, 33, 34, 35, 36, 37, 38, 39, 29, 52, 21, 22, 23, 24, 20, 25, 27, 28, 26, 31, 30, 1, 40, 41, 42, 43, 45, 46, 48, 49, 53, 54, 55, 56, 57, 58, 59, 52]
0.779406803003 0.755780983722 0.711690981737
[32, 33, 34, 35, 36, 37, 38, 39, 29, 52, 21, 22, 23, 24, 20, 25, 27, 28, 26, 31, 30]
[41, 42, 43, 44, 45, 46, 47, 48, 49, 52, 53, 54, 55, 56, 57, 58, 59, 51]
[32, 33, 34, 35, 36, 37, 38, 39, 29, 52, 21, 22, 23, 24, 20, 25, 27, 28, 26, 31, 30, 41, 42, 43, 44, 45, 46, 47, 48, 49, 52, 53, 54, 55, 56, 57, 58, 59, 51]
0.779406803003 0.813553167965 0.730214609138
[32, 33, 34, 35, 36, 37, 38, 39, 29, 52, 21, 22, 23, 24, 20, 25, 27, 28, 26, 31, 30]
[1, 2, 3, 4, 5, 6, 7, 8, 9, 43, 12, 14, 15, 16, 17, 18, 19, 11]
[32, 33, 34, 35, 36, 37, 38, 39, 29, 52, 21, 22, 23, 24, 20, 25, 27, 28, 26, 31, 30, 1, 2, 3, 4, 5, 6, 7, 8, 9, 43, 12, 14, 15, 16, 17, 18, 19, 11]
0.779406803003 0.760442054315 0.693027224511
[32, 33, 34, 35, 36, 37, 38, 39, 29, 52, 21, 22, 23, 24, 20, 25, 27, 28, 26, 31, 30]
[32, 33, 34, 35, 36, 37, 38, 39, 25, 21, 22, 23, 24, 57, 26, 27, 28, 29, 31]
[32, 33, 34, 35, 36, 37, 38, 39, 29, 52, 21, 22, 23, 24, 20, 25, 27, 28, 26, 31, 30, 32, 33, 34, 35, 36, 37, 38, 39, 25, 21, 22, 23, 24, 57, 26, 27, 28, 29, 31]
0.779406803003 0.817274383683 0.753492068022
[32, 33, 34, 35, 36, 37, 38, 39, 29, 52, 21, 22, 23, 24, 20, 25, 27, 28, 26, 31, 30]
[47, 40, 41, 42, 43, 44, 45, 46, 15, 48, 49, 50, 51, 52, 53, 54, 55, 56, 57, 58, 59]
[32, 33, 34, 35, 36, 37, 38, 39, 29, 52, 21, 22, 23, 24, 20, 25, 27, 28, 26, 31, 30, 47, 40, 41, 42, 43, 44, 45, 46, 15, 48, 49, 50, 51, 52, 53, 54, 55, 56, 57, 58, 59]
0.779406803003 0.779406803003 0.714284475666
[47, 40, 41, 42, 43, 44, 45, 46, 15, 48, 49, 50, 51, 52, 53, 54, 55, 56, 57, 58, 59]
[0, 1, 2, 5, 39, 15, 17, 19, 57, 42, 18]
[47, 40, 41, 42, 43, 44, 45, 46, 15, 48, 49, 50, 51, 52, 53, 54, 55, 56, 57, 58, 59, 0, 1, 2, 5, 39, 15, 17, 19, 57, 42, 18]
0.779406803003 0.746464646465 0.74308841195
[47, 40, 41, 42, 43, 44, 45, 46, 15, 48, 49, 50, 51, 52, 53, 54, 55, 56, 57, 58, 59]
[1, 40, 41, 42, 43, 45, 46, 48, 49, 53, 54, 55, 56, 57, 58, 59, 52]
[47, 40, 41, 42, 43, 44, 45, 46, 15, 48, 49, 50, 51, 52, 53, 54, 55, 56, 57, 58, 59, 1, 40, 41, 42, 43, 45, 46, 48, 49, 53, 54, 55, 56, 57, 58, 59, 52]
0.779406803003 0.755780983722 0.741194016057
[47, 40, 41, 42, 43, 44, 45, 46, 15, 48, 49, 50, 51, 52, 53, 54, 55, 56, 57, 58, 59]
[41, 42, 43, 44, 45, 46, 47, 48, 49, 52, 53, 54, 55, 56, 57, 58, 59, 51]
[47, 40, 41, 42, 43, 44, 45, 46, 15, 48, 49, 50, 51, 52, 53, 54, 55, 56, 57, 58, 59, 41, 42, 43, 44, 45, 46, 47, 48, 49, 52, 53, 54, 55, 56, 57, 58, 59, 51]
0.779406803003 0.813553167965 0.779406803003
[47, 40, 41, 42, 43, 44, 45, 46, 15, 48, 49, 50, 51, 52, 53, 54, 55, 56, 57, 58, 59]
[1, 2, 3, 4, 5, 6, 7, 8, 9, 43, 12, 14, 15, 16, 17, 18, 19, 11]
[47, 40, 41, 42, 43, 44, 45, 46, 15, 48, 49, 50, 51, 52, 53, 54, 55, 56, 57, 58, 59, 1, 2, 3, 4, 5, 6, 7, 8, 9, 43, 12, 14, 15, 16, 17, 18, 19, 11]
0.779406803003 0.760442054315 0.708039936059
[1, 2, 3, 4, 5, 6, 7, 8, 9, 43, 12, 14, 15, 16, 17, 18, 19, 11]
[0, 1, 2, 5, 39, 15, 17, 19, 57, 42, 18]
[1, 2, 3, 4, 5, 6, 7, 8, 9, 43, 12, 14, 15, 16, 17, 18, 19, 11, 0, 1, 2, 5, 39, 15, 17, 19, 57, 42, 18]
0.760442054315 0.746464646465 0.734467574909
[0, 1, 2, 3, 4, 5, 6, 7, 8, 9, 10, 11, 12, 13, 14, 15, 16, 17, 18, 19, 21, 35, 54, 59]
[0, 1, 2, 5, 39, 15, 17, 19, 57, 42, 18]
[0, 1, 2, 3, 4, 5, 6, 7, 8, 9, 10, 11, 12, 13, 14, 15, 16, 17, 18, 19, 21, 35, 54, 59, 0, 1, 2, 5, 39, 15, 17, 19, 57, 42, 18]
0.84223314561 0.746464646465 0.737869874205
[0, 1, 2, 3, 4, 5, 6, 7, 8, 9, 10, 11, 12, 13, 14, 15, 16, 17, 18, 19, 21, 35, 54, 59]
[1, 2, 3, 4, 5, 6, 7, 8, 9, 43, 12, 14, 15, 16, 17, 18, 19, 11]
[0, 1, 2, 3, 4, 5, 6, 7, 8, 9, 10, 11, 12, 13, 14, 15, 16, 17, 18, 19, 21, 35, 54, 59, 1, 2, 3, 4, 5, 6, 7, 8, 9, 43, 12, 14, 15, 16, 17, 18, 19, 11]
0.84223314561 0.760442054315 0.806424796737
[0, 1, 2, 3, 4, 5, 6, 7, 8, 9, 10, 11, 12, 13, 14, 15, 16, 17, 18, 19, 21, 35, 54, 59]
[1, 15, 40, 41, 42, 43, 44, 45, 46, 47, 48, 49, 50, 51, 52, 53, 54, 55, 56, 57, 58, 59]
[0, 1, 2, 3, 4, 5, 6, 7, 8, 9, 10, 11, 12, 13, 14, 15, 16, 17, 18, 19, 21, 35, 54, 59, 1, 15, 40, 41, 42, 43, 44, 45, 46, 47, 48, 49, 50, 51, 52, 53, 54, 55, 56, 57, 58, 59]
0.84223314561 0.741194016057 0.695253017986
[0, 1, 2, 3, 4, 5, 6, 7, 8, 9, 10, 11, 12, 13, 14, 15, 16, 17, 18, 19, 21, 35, 54, 59]
[20, 21, 22, 23, 24, 25, 26, 27, 28, 29, 30, 31, 32, 33, 34, 35, 36, 37, 38, 39, 52, 57, 58]
[0, 1, 2, 3, 4, 5, 6, 7, 8, 9, 10, 11, 12, 13, 14, 15, 16, 17, 18, 19, 21, 35, 54, 59, 20, 21, 22, 23, 24, 25, 26, 27, 28, 29, 30, 31, 32, 33, 34, 35, 36, 37, 38, 39, 52, 57, 58]
0.84223314561 0.734587252833 0.689884697155
[20, 21, 22, 23, 24, 25, 26, 27, 28, 29, 30, 31, 32, 33, 34, 35, 36, 37, 38, 39, 52, 57, 58]
[0, 1, 2, 5, 39, 15, 17, 19, 57, 42, 18]
[20, 21, 22, 23, 24, 25, 26, 27, 28, 29, 30, 31, 32, 33, 34, 35, 36, 37, 38, 39, 52, 57, 58, 0, 1, 2, 5, 39, 15, 17, 19, 57, 42, 18]
0.734587252833 0.746464646465 0.648798358558
[20, 21, 22, 23, 24, 25, 26, 27, 28, 29, 30, 31, 32, 33, 34, 35, 36, 37, 38, 39, 52, 57, 58]
[1, 15, 40, 41, 42, 43, 44, 45, 46, 47, 48, 49, 50, 51, 52, 53, 54, 55, 56, 57, 58, 59]
[20, 21, 22, 23, 24, 25, 26, 27, 28, 29, 30, 31, 32, 33, 34, 35, 36, 37, 38, 39, 52, 57, 58, 1, 15, 40, 41, 42, 43, 44, 45, 46, 47, 48, 49, 50, 51, 52, 53, 54, 55, 56, 57, 58, 59]
0.734587252833 0.741194016057 0.696049140836
[1, 15, 40, 41, 42, 43, 44, 45, 46, 47, 48, 49, 50, 51, 52, 53, 54, 55, 56, 57, 58, 59]
[0, 1, 2, 5, 39, 15, 17, 19, 57, 42, 18]
[1, 15, 40, 41, 42, 43, 44, 45, 46, 47, 48, 49, 50, 51, 52, 53, 54, 55, 56, 57, 58, 59, 0, 1, 2, 5, 39, 15, 17, 19, 57, 42, 18]
0.741194016057 0.746464646465 0.74308841195
[0, 1, 2, 3, 4, 5, 6, 7, 8, 9, 10, 11, 12, 13, 14, 15, 16, 17, 18, 19, 21, 35, 43, 54, 59]
[0, 1, 2, 5, 39, 15, 17, 19, 57, 42, 18]
[0, 1, 2, 3, 4, 5, 6, 7, 8, 9, 10, 11, 12, 13, 14, 15, 16, 17, 18, 19, 21, 35, 43, 54, 59, 0, 1, 2, 5, 39, 15, 17, 19, 57, 42, 18]
0.806424796737 0.746464646465 0.709625393833
[0, 1, 2, 3, 4, 5, 6, 7, 8, 9, 10, 11, 12, 13, 14, 15, 16, 17, 18, 19, 21, 35, 43, 54, 59]
[1, 15, 40, 41, 42, 43, 44, 45, 46, 47, 48, 49, 50, 51, 52, 53, 54, 55, 56, 57, 58, 59]
[0, 1, 2, 3, 4, 5, 6, 7, 8, 9, 10, 11, 12, 13, 14, 15, 16, 17, 18, 19, 21, 35, 43, 54, 59, 1, 15, 40, 41, 42, 43, 44, 45, 46, 47, 48, 49, 50, 51, 52, 53, 54, 55, 56, 57, 58, 59]
0.806424796737 0.741194016057 0.695253017986
[0, 1, 2, 3, 4, 5, 6, 7, 8, 9, 10, 11, 12, 13, 14, 15, 16, 17, 18, 19, 21, 35, 43, 54, 59]
[20, 21, 22, 23, 24, 25, 26, 27, 28, 29, 30, 31, 32, 33, 34, 35, 36, 37, 38, 39, 52, 57, 58]
[0, 1, 2, 3, 4, 5, 6, 7, 8, 9, 10, 11, 12, 13, 14, 15, 16, 17, 18, 19, 21, 35, 43, 54, 59, 20, 21, 22, 23, 24, 25, 26, 27, 28, 29, 30, 31, 32, 33, 34, 35, 36, 37, 38, 39, 52, 57, 58]
0.806424796737 0.734587252833 0.671665167403
[20, 21, 22, 23, 24, 25, 26, 27, 28, 29, 30, 31, 32, 33, 34, 35, 36, 37, 38, 39, 52, 57, 58]
[0, 1, 2, 5, 39, 15, 17, 19, 57, 42, 18]
[20, 21, 22, 23, 24, 25, 26, 27, 28, 29, 30, 31, 32, 33, 34, 35, 36, 37, 38, 39, 52, 57, 58, 0, 1, 2, 5, 39, 15, 17, 19, 57, 42, 18]
0.734587252833 0.746464646465 0.648798358558
[20, 21, 22, 23, 24, 25, 26, 27, 28, 29, 30, 31, 32, 33, 34, 35, 36, 37, 38, 39, 52, 57, 58]
[1, 15, 40, 41, 42, 43, 44, 45, 46, 47, 48, 49, 50, 51, 52, 53, 54, 55, 56, 57, 58, 59]
[20, 21, 22, 23, 24, 25, 26, 27, 28, 29, 30, 31, 32, 33, 34, 35, 36, 37, 38, 39, 52, 57, 58, 1, 15, 40, 41, 42, 43, 44, 45, 46, 47, 48, 49, 50, 51, 52, 53, 54, 55, 56, 57, 58, 59]
0.734587252833 0.741194016057 0.696049140836
[1, 15, 40, 41, 42, 43, 44, 45, 46, 47, 48, 49, 50, 51, 52, 53, 54, 55, 56, 57, 58, 59]
[0, 1, 2, 5, 39, 15, 17, 19, 57, 42, 18]
[1, 15, 40, 41, 42, 43, 44, 45, 46, 47, 48, 49, 50, 51, 52, 53, 54, 55, 56, 57, 58, 59, 0, 1, 2, 5, 39, 15, 17, 19, 57, 42, 18]
0.741194016057 0.746464646465 0.74308841195
level-3 complete.
Cluster-1 Total nodes: 25 [0, 1, 2, 3, 4, 5, 6, 7, 8, 9, 10, 11, 12, 13, 14, 15, 16, 17, 18, 19, 21, 35, 43, 54, 59]
Cluster-2 Total nodes: 23 [20, 21, 22, 23, 24, 25, 26, 27, 28, 29, 30, 31, 32, 33, 34, 35, 36, 37, 38, 39, 52, 57, 58]
Cluster-3 Total nodes: 22 [1, 15, 40, 41, 42, 43, 44, 45, 46, 47, 48, 49, 50, 51, 52, 53, 54, 55, 56, 57, 58, 59]
Cluster-4 Total nodes: 11 [0, 1, 2, 5, 39, 15, 17, 19, 57, 42, 18]
